   4.0000000e-01  -4.0000000e-01
   4.0000000e-01   4.0000000e-01
  -4.0000000e-01   4.0000000e-01
   1.3537778e-01   1.0153518e-02
   1.3168800e-01   1.9914874e-02
   1.2855046e-01   2.9564727e-02
   1.2594850e-01   3.9391052e-02
   1.2339148e-01   4.9518502e-02
   1.2008696e-01   5.9790514e-02
   1.1519704e-01   6.9746290e-02
   1.0810367e-01   7.8706109e-02
   9.8606117e-02   8.5944927e-02
   8.6994104e-02   9.0905964e-02
   7.3976411e-02   9.3391227e-02
   6.0486769e-02   9.3669376e-02
   4.7424376e-02   9.2462369e-02
   3.5405322e-02   9.0805313e-02
   2.4598179e-02   8.9809719e-02
   1.4692789e-02   9.0388769e-02
   5.0128319e-03   9.3016146e-02
  -5.2589728e-03   9.7583440e-02
  -1.6807235e-02   1.0339666e-01
  -2.9940903e-02   1.0931639e-01
  -4.4452310e-02   1.1400845e-01
  -5.9621479e-02   1.1624282e-01
  -7.4368105e-02   1.1516591e-01
  -8.7511708e-02   1.1047881e-01
  -9.8069322e-02   1.0247920e-01
  -1.0550851e-01   9.1961043e-02
  -1.0988506e-01   8.0003072e-02
  -1.1182602e-01   6.7705301e-02
  -1.1236139e-01   5.5944006e-02
  -1.1264950e-01   4.5207619e-02
  -1.1367059e-01   3.5551072e-02
  -1.1597171e-01   2.6671799e-02
  -1.1953179e-01   1.8076518e-02
  -1.2378213e-01   9.2838275e-03
  -1.2777453e-01   1.3877788e-17
  -1.3044876e-01  -9.7838344e-03
  -1.3092381e-01  -1.9799306e-02
  -1.2873220e-01  -2.9606526e-02
  -1.2393354e-01  -3.8760862e-02
  -1.1707803e-01  -4.6984839e-02
  -1.0903390e-01  -5.4287267e-02
  -1.0073042e-01  -6.0987443e-02
  -9.2891869e-02  -6.7630985e-02
  -8.5839205e-02  -7.4817308e-02
  -7.9415956e-02  -8.2987049e-02
  -7.3058552e-02  -9.2232479e-02
  -6.5989257e-02  -1.0219049e-01
  -5.7474403e-02  -1.1205671e-01
  -4.7071627e-02  -1.2072631e-01
  -3.4792884e-02  -1.2703132e-01
  -2.1134206e-02  -1.3001581e-01
  -6.9616368e-03  -1.2917741e-01
   6.7154958e-03  -1.2461011e-01
   1.9019759e-02  -1.1700792e-01
   2.9450160e-02  -1.0752465e-01
   3.8024639e-02  -9.7523171e-02
   4.5277300e-02  -8.8276257e-02
   5.2107922e-02  -8.0693953e-02
   5.9523254e-02  -7.5144897e-02
   6.8340738e-02  -7.1413812e-02
   7.8936809e-02  -6.8801191e-02
   9.1110476e-02  -6.6334021e-02
   1.0410143e-01  -6.3028432e-02
   1.1675946e-01  -5.8133775e-02
   1.2782000e-01  -5.1295723e-02
   1.3621144e-01  -4.2600842e-02
   1.4131095e-01  -3.2499454e-02
   1.4308001e-01  -2.1637662e-02
   1.4204442e-01  -1.0653525e-02
   1.3912648e-01  -2.7755576e-17
  -4.0000000e-01  -4.0000000e-01
  -1.5967751e-01   1.0153518e-02
  -4.4382173e-02  -1.5372125e-01
   1.3537778e-01  -8.5281039e-02
   1.2725096e-01   9.6990691e-02
  -4.6346995e-02   1.5314031e-01
  -1.3085803e-01  -9.2066155e-02
   5.6930360e-02  -1.4952904e-01
   1.5984120e-01   7.1267326e-03
   4.9239799e-02   1.5223483e-01
  -1.2539071e-01   9.9383953e-02
   4.0000000e-01  -3.6170432e-01
   4.0000000e-01  -3.2034499e-01
   4.0000000e-01  -2.7567690e-01
   4.0000000e-01  -2.2743538e-01
   4.0000000e-01  -1.7533453e-01
   4.0000000e-01  -1.1906561e-01
   4.0000000e-01  -5.8295176e-02
   4.0000000e-01   7.3368903e-03
   4.0000000e-01   7.7169989e-02
   4.0000000e-01   1.4183027e-01
   4.0000000e-01   2.0170089e-01
   4.0000000e-01   2.5713666e-01
   4.0000000e-01   3.0846607e-01
   4.0000000e-01   3.5599330e-01
   3.5469424e-01   4.0000000e-01
   3.0576401e-01   4.0000000e-01
   2.5291937e-01   4.0000000e-01
   1.9584716e-01   4.0000000e-01
   1.3420917e-01   4.0000000e-01
   6.7640143e-02   4.0000000e-01
  -4.2544082e-03   4.0000000e-01
  -7.4635710e-02   4.0000000e-01
  -1.3980358e-01   4.0000000e-01
  -2.0014420e-01   4.0000000e-01
  -2.5601515e-01   4.0000000e-01
  -3.0774751e-01   4.0000000e-01
  -3.5564784e-01   4.0000000e-01
   6.6972174e-02   9.3535651e-02
   5.3704373e-02   9.3042661e-02
   4.1183713e-02   9.1601974e-02
   2.9793920e-02   9.0288370e-02
   7.4464242e-05   9.5211961e-02
  -1.0811022e-02   1.0037826e-01
  -2.3121499e-02   1.0624268e-01
  -3.6917541e-02   1.1157219e-01
  -5.1745180e-02   1.1508267e-01
  -6.7278381e-02   1.1568366e-01
  -8.1192668e-02   1.1273222e-01
  -9.2587484e-02   1.0663284e-01
  -1.1210400e-01   6.1598475e-02
  -1.1251099e-01   5.0369343e-02
  -1.2916308e-01  -5.0800679e-03
  -1.1290127e-01  -5.0776484e-02
  -6.9659852e-02  -9.7019984e-02
  -3.8609225e-04  -1.2698159e-01
   1.3104248e-02  -1.2066282e-01
   2.4435544e-02  -1.1208391e-01
   3.3902293e-02  -1.0233157e-01
   4.1790443e-02  -9.2721889e-02
   4.8823969e-02  -8.4339292e-02
   7.3435003e-02  -7.0157744e-02
   8.4789534e-02  -6.7615052e-02
   9.7356128e-02  -6.4744796e-02
   1.1067387e-01  -6.0486975e-02
   1.2250243e-01  -5.4583248e-02
   1.3885927e-01  -3.7355891e-02
   1.4216146e-01  -2.7277439e-02
   1.4258213e-01  -1.6356827e-02
   1.4064156e-01  -5.5316377e-03
   1.3729143e-01   4.9703124e-03
  -4.0000000e-01  -3.5491066e-01
  -4.0000000e-01  -3.0621418e-01
  -4.0000000e-01  -2.5362198e-01
  -4.0000000e-01  -1.9682240e-01
  -4.0000000e-01  -1.3547885e-01
  -4.0000000e-01  -6.9227824e-02
  -4.0000000e-01   2.3232866e-03
  -4.0000000e-01   7.3048029e-02
  -4.0000000e-01   1.3853390e-01
  -4.0000000e-01   1.9916897e-01
  -4.0000000e-01   2.5531255e-01
  -4.0000000e-01   3.0729734e-01
  -4.0000000e-01   3.5543142e-01
  -3.5620973e-01  -4.0000000e-01
  -3.0891623e-01  -4.0000000e-01
  -2.5783926e-01  -4.0000000e-01
  -2.0267613e-01  -4.0000000e-01
  -1.4309995e-01  -4.0000000e-01
  -7.8757670e-02  -4.0000000e-01
  -9.2680119e-03  -4.0000000e-01
   5.6675206e-02  -4.0000000e-01
   1.1773374e-01  -4.0000000e-01
   1.7426942e-01  -4.0000000e-01
   2.2661727e-01  -4.0000000e-01
   2.7508751e-01  -4.0000000e-01
   3.1996735e-01  -4.0000000e-01
   3.6152277e-01  -4.0000000e-01
   1.3217710e-01  -4.6781073e-02
  -1.5999978e-01  -2.6508408e-04
  -1.5958513e-01  -1.1514585e-02
  -1.5825017e-01  -2.3598363e-02
  -1.5578256e-01  -3.6493741e-02
  -1.5194000e-01  -5.0142176e-02
  -1.4730446e-01  -6.2461164e-02
  -1.4212265e-01  -7.3492533e-02
  -1.3658865e-01  -8.3327911e-02
  -1.2370403e-01  -1.0147567e-01
  -1.1522065e-01  -1.1101442e-01
  -1.0523654e-01  -1.2052083e-01
  -9.3578525e-02  -1.2978081e-01
  -8.0080988e-02  -1.3851727e-01
  -6.7692078e-02  -1.4497511e-01
  -5.5758529e-02  -1.4996995e-01
  -3.1402285e-02  -1.5688817e-01
  -1.7140812e-02  -1.5907920e-01
  -1.5853545e-03  -1.5999215e-01
   1.5107060e-02  -1.5928521e-01
   3.0420112e-02  -1.5708156e-01
   4.4348387e-02  -1.5373100e-01
   6.6598021e-02  -1.4548094e-01
   7.6716897e-02  -1.4040840e-01
   8.7212556e-02  -1.3414160e-01
   1.0019618e-01  -1.2474263e-01
   1.1132420e-01  -1.1492138e-01
   1.2077575e-01  -1.0494388e-01
   1.2873408e-01  -9.5013353e-02
   1.4030354e-01  -7.6908493e-02
   1.4504198e-01  -6.7548678e-02
   1.4945856e-01  -5.7115132e-02
   1.5338614e-01  -4.5526829e-02
   1.5644195e-01  -3.3554686e-02
   1.5843985e-01  -2.2289352e-02
   1.5956756e-01  -1.1755588e-02
   1.5998805e-01  -1.9551303e-03
   1.5901241e-01   1.7749707e-02
   1.5732541e-01   2.9132699e-02
   1.5458977e-01   4.1255326e-02
   1.5058839e-01   5.4066054e-02
   1.4507780e-01   6.7471714e-02
   1.3941165e-01   7.8513646e-02
   1.3341647e-01   8.8317870e-02
   1.1873887e-01   1.0724310e-01
   1.0862264e-01   1.1747817e-01
   9.6712763e-02   1.2746231e-01
   8.2828792e-02   1.3689190e-01
   7.1179220e-02   1.4329522e-01
   5.9952652e-02   1.4834311e-01
   3.7107750e-02   1.5563745e-01
   2.3748941e-02   1.5822765e-01
   9.1314114e-03   1.5973922e-01
  -6.7383286e-03   1.5985805e-01
  -2.1150658e-02   1.5859587e-01
  -3.4343791e-02   1.5627061e-01
  -6.1430560e-02   1.4773722e-01
  -7.7024521e-02   1.4023988e-01
  -9.2131798e-02   1.3081182e-01
  -1.0510632e-01   1.2063441e-01
  -1.1612718e-01   1.1006579e-01
  -1.3236279e-01   8.9889334e-02
  -1.3908577e-01   7.9089503e-02
  -1.4535786e-01   6.6866231e-02
  -1.5052389e-01   5.4245358e-02
  -1.5433295e-01   4.2205930e-02
  -1.5700315e-01   3.0822230e-02
  -1.5872818e-01   2.0133643e-02
   2.3034064e-01   2.3425352e-01
  -2.3300471e-01  -2.3248854e-01
  -2.2886423e-01   2.4084157e-01
   2.3813466e-01  -2.2369801e-01
   2.7796414e-01   6.6575627e-02
  -4.5410354e-02  -2.7949589e-01
  -2.7171321e-01   6.1163386e-02
  -4.4568017e-02   2.7541946e-01
  -1.4318132e-02  -2.3008121e-03
   8.7958563e-02  -1.3550458e-02
   1.8040833e-02   1.2583291e-01
   7.5806910e-02  -1.0346994e-01
   3.7372317e-01   3.7327717e-01
  -3.7311082e-01   3.7397719e-01
  -3.7268363e-01  -3.7435172e-01
   5.3275183e-02   1.1929001e-01
   3.7487813e-01  -3.7458350e-01
  -1.4236954e-02   1.3298161e-01
   4.6653985e-02  -1.2834571e-01
  -1.0296960e-01  -9.1975572e-02
   1.0573743e-01  -8.7181039e-02
  -8.3792936e-02  -1.1041089e-01
  -1.3436565e-01   3.1890121e-02
   8.2264078e-02   1.0894514e-01
   1.7208688e-02  -1.3832904e-01
  -1.2171077e-01  -6.7309209e-02
  -4.5499780e-02   1.3045296e-01
  -1.2909838e-01   5.4666647e-02
  -1.4224726e-01   8.8602716e-03
   7.5908046e-02   4.5817030e-02
  -6.5076044e-02  -1.3132548e-01
  -1.3393055e-01  -4.9445170e-02
   1.0291243e-01   1.0142761e-01
  -6.8260579e-03  -1.4453773e-01
  -4.8405175e-02  -1.4129811e-01
   1.2554950e-01  -6.7709987e-02
  -1.4274691e-01  -2.7128347e-02
  -1.2705956e-01   7.5009471e-02
   1.4324237e-01   3.2245344e-02
   1.3968552e-01   4.5302130e-02
   1.2203390e-01   8.7503441e-02
   1.3428724e-01   6.7692232e-02
  -7.1886311e-02   1.2611870e-01
   1.4797363e-01   1.2075190e-02
  -1.1646024e-01   8.8597437e-02
   1.3776360e-01  -5.6170555e-02
  -8.7359205e-02   1.1959878e-01
  -1.0699162e-01   1.0279767e-01
   1.5125504e-01  -6.6133042e-03
  -7.5718934e-02   7.6110149e-02
  -1.0115727e-01   1.1091890e-01
   1.4814289e-01  -3.7430711e-02
   1.5063558e-01  -2.6339270e-02
  -2.7303724e-01  -1.0416779e-01
   1.0654788e-01   2.6970266e-01
   2.7376172e-01  -9.9585292e-02
   1.1108157e-01  -2.7120260e-01
   2.9489263e-01  -3.0527571e-01
  -3.0050593e-01   1.5764503e-01
  -1.2582674e-01  -2.3067695e-01
  -1.5426402e-01   2.9162149e-01
   3.0632264e-01   1.6376942e-01
  -2.9827374e-01  -2.9987462e-01
   3.0517670e-01   2.9641163e-01
  -2.9648925e-01   2.9904290e-01
  -2.0408260e-01   1.4624006e-01
   1.9351757e-01   1.5566044e-01
  -3.3887829e-01   3.4985106e-02
   3.3624720e-01   3.8939231e-02
  -7.5876963e-02   2.1465651e-01
  -4.0824292e-02   3.4778084e-01
  -2.2403226e-01   1.8144009e-02
  -1.2963248e-02  -2.2330533e-01
   2.1643726e-01   7.0538137e-02
  -4.1918423e-02  -3.4021823e-01
  -1.5152668e-02  -6.6038887e-02
  -6.7963773e-02  -1.2395981e-02
  -3.1683187e-02   5.0387743e-02
   4.2219375e-02   4.4965842e-03
   4.3817824e-02   5.8942596e-02
   7.0315079e-02  -3.7329559e-02
   1.0212106e-01   1.2593265e-02
   1.1353861e-01  -2.3387143e-02
   9.9083050e-02   4.5807778e-02
   7.5540197e-02   7.1142530e-02
  -8.7412422e-02   5.8337427e-02
   3.8471749e-02   1.3510896e-01
  -6.0757499e-02   9.7604285e-02
   6.4637086e-02  -1.2242392e-01
   3.4772296e-02   1.1527859e-01
  -1.4242098e-03   1.1941132e-01
   9.4332311e-02  -1.0523887e-01
   8.6765996e-02  -8.5830029e-02
   2.0459247e-03   1.4180500e-01
   5.5686914e-02  -1.0002828e-01
   7.0642204e-02   1.2432504e-01
  -8.7583616e-02   8.8784945e-02
  -1.4493673e-01  -7.3174699e-03
  -2.5363158e-02   1.4282823e-01
  -1.0675700e-01  -7.7025477e-02
  -2.9165837e-02   1.2484476e-01
   8.1592746e-03  -1.4754120e-01
   1.2133838e-01  -8.1703526e-02
  -2.0904409e-02  -1.4474744e-01
  -1.0281926e-01  -1.0651524e-01
   3.1239826e-02  -1.4255023e-01
   4.2866765e-02  -1.1311139e-01
  -9.1251807e-02  -9.5092346e-02
  -7.7456900e-02  -1.2705852e-01
   2.9580617e-02  -1.2056836e-01
  -5.8722697e-02   1.2637135e-01
  -1.3960153e-01   4.2598191e-02
  -1.2427993e-01   4.0888540e-02
   9.5856642e-02   1.1250648e-01
  -1.3977014e-01  -4.2442979e-02
  -1.4830438e-01   2.3733463e-02
  -1.2402881e-01  -8.1268976e-02
   1.1388827e-01   9.6626662e-02
  -1.3387374e-01  -6.0717363e-02
  -5.3446456e-02  -1.3132331e-01
   1.0383909e-01  -7.3981297e-02
  -1.3183381e-01   6.6185213e-02
  -1.3285570e-01   1.9553418e-02
  -1.2234699e-01  -5.5050825e-02
  -7.3177116e-02  -1.0765988e-01
  -5.2672201e-02   1.3936652e-01
   1.2858439e-01   7.8148817e-02
   1.3951839e-01   5.5312933e-02
   1.4788392e-01   2.4313487e-02
  -8.2081563e-02   1.2883753e-01
   8.1134611e-02   9.9510773e-02
   2.0432129e-02  -1.4896887e-01
   1.4207277e-02  -1.2735464e-01
   1.4456697e-01  -4.7509553e-02
   1.2895201e-01   5.8071161e-02
   9.6836493e-02   9.4538278e-02
   1.5100474e-01   2.0567017e-03
   1.3605349e-01   3.7203002e-02
   1.4583358e-01   4.7074021e-02
   1.3474462e-01  -6.8484199e-02
   1.5048920e-01  -1.4653946e-02
  -9.6246267e-02   1.2023997e-01
  -1.1409575e-01   9.8561307e-02
   1.3792625e-01   2.6993955e-02
  -1.4254611e-01  -5.1414829e-02
   1.2420866e-01   6.8616571e-02
   1.1816927e-01   7.8236195e-02
   1.3027257e-01  -5.9292199e-02
  -1.2632102e-01   8.4806588e-02
  -1.3558696e-01  -2.6289700e-02
  -1.1755633e-01   7.6867170e-02
  -1.5133083e-01  -2.8407742e-02
   1.4956705e-01   3.3275066e-02
   1.4289259e-01  -5.9324121e-02
   1.4773856e-01  -3.1420380e-02
  -1.6876461e-01  -3.0823785e-01
   2.0207993e-01  -3.1180979e-01
   3.4427459e-02  -3.1562666e-01
  -3.1221860e-01  -1.8528873e-01
   2.1765923e-01   3.2214802e-01
   3.1633097e-01  -2.0788582e-01
  -1.8658888e-01  -1.6403525e-01
   1.5603400e-01  -1.9304268e-01
   3.3645212e-02   2.9614190e-01
   2.8657232e-01  -1.7354228e-02
  -1.5466059e-01   2.1460129e-01
  -3.1860649e-01  -3.9345568e-02
  -2.2379479e-01   3.0798231e-01
   3.0930908e-01   2.2414914e-01
  -3.2839010e-01   2.3256868e-01
   1.6391066e-01   2.1984605e-01
   2.0247614e-01  -1.2253279e-01
   6.4850351e-02   2.1799275e-01
  -2.2562736e-01  -4.8898338e-02
   3.4271271e-01  -8.8277114e-02
   5.4887424e-02  -2.2203839e-01
  -3.3904040e-01   1.0609345e-01
  -2.1249282e-01   8.7808989e-02
  -1.0243307e-01   3.3712906e-01
   3.3912206e-01   1.0911175e-01
   2.4384300e-01   1.2126375e-01
  -1.0647583e-02   2.2197582e-01
  -6.9597042e-02  -2.0867180e-01
   3.3394297e-01  -3.4016268e-01
  -3.4806539e-01  -2.7924847e-01
  -3.3551432e-01  -3.3751032e-01
  -3.2681408e-01   3.4541763e-01
   3.4626384e-01   3.2835139e-01
  -2.4908300e-01   1.7932827e-01
   1.8264075e-01   1.0761427e-01
   1.4244262e-01   1.4352212e-01
   2.2509398e-02  -3.9063192e-02
   9.2510057e-03   3.1916102e-02
   2.1005602e-01   1.7524296e-02
  -5.1632200e-02  -5.3507800e-02
  -6.4469029e-02   2.5295167e-02
  -3.7788557e-01   3.6628312e-02
  -3.9905873e-02   3.7817228e-01
   3.7566954e-01   4.1199244e-02
  -3.7429517e-02  -3.8084809e-01
  -6.9364390e-02   1.8209134e-01
  -1.8903942e-01   1.5470150e-02
  -2.0180566e-02  -9.6430862e-02
  -1.2425629e-02  -1.8635213e-01
  -1.0006263e-01  -1.7764658e-02
  -3.5786137e-02   7.7443353e-02
   6.9924474e-02   1.0475332e-02
   9.2335490e-02  -3.9023306e-02
   1.1640563e-01   6.4425801e-04
   2.9218940e-02   7.0920138e-02
   5.7289520e-02   7.3579404e-02
   1.0921458e-01   3.1165925e-02
   2.1507604e-02   1.4483534e-01
   2.0080730e-02   1.0660261e-01
   9.4034711e-02   6.8783495e-02
   6.6494944e-02  -5.4474090e-02
   6.8509156e-02  -8.6708736e-02
   8.3811832e-02  -1.1856469e-01
  -9.4872869e-02   7.1729511e-02
   1.2115656e-01  -3.7227324e-02
   6.2116271e-02   1.1046170e-01
   1.2817102e-01  -2.0249095e-02
   5.7563903e-02  -1.3482490e-01
  -7.7205934e-02   9.5379645e-02
   6.1439211e-02   1.3223362e-01
  -9.9587376e-02   4.8370149e-02
  -1.9963290e-02   1.2235669e-01
   1.0667943e-01  -1.0134643e-01
  -9.8059260e-03   1.4615399e-01
   5.1008739e-02   1.0554109e-01
   8.2018991e-02   1.2241559e-01
   5.2138924e-03   1.3104556e-01
   1.0949547e-01   5.1709236e-02
   7.9713567e-02   8.1681598e-02
   1.1276913e-01  -7.2273765e-02
   5.3645278e-02  -1.1323227e-01
  -6.7897235e-02  -1.1816935e-01
  -1.1199268e-01  -8.5660829e-02
  -1.1157020e-01  -9.8132745e-02
  -9.5007827e-02  -8.6462733e-02
  -3.4968759e-02  -1.4084378e-01
  -3.9671054e-02   1.4240224e-01
   4.1632731e-02   1.2303248e-01
  -5.9904431e-02   1.0974986e-01
  -1.4824260e-01  -1.7894576e-02
  -6.4348238e-02   1.3597962e-01
  -1.4964663e-01   2.9127430e-03
   9.0778893e-02  -7.4206387e-02
  -1.0985470e-01  -6.6473730e-02
   4.1198945e-02   1.4586156e-01
  -9.3761754e-02  -1.1515636e-01
  -1.2237174e-01   6.1151350e-02
  -4.5669796e-03   1.0719587e-01
  -1.2634427e-01   2.9843948e-02
  -1.4441165e-01   3.5055584e-02
   4.5919690e-03  -1.3408322e-01
   8.5718778e-02  -9.8337473e-02
  -1.3167826e-01  -7.3232526e-02
  -1.3955711e-02  -1.3712065e-01
  -5.8087184e-02  -1.3976351e-01
   4.5656717e-02  -1.0435595e-01
   9.1011129e-02   1.0131768e-01
  -4.9740760e-02   1.2063295e-01
   1.2407133e-03   1.5097796e-01
  -1.3163918e-01  -4.1287101e-02
  -1.3928015e-01   5.8390589e-02
   1.0093478e-01  -1.1246700e-01
   5.1807069e-02  -9.0740703e-02
  -1.2637393e-01  -4.7471977e-02
  -3.8390363e-02   1.2154088e-01
  -8.9063312e-02   9.8544322e-02
   2.4577025e-02  -1.2937690e-01
  -1.3757968e-01   3.6123667e-04
  -5.8210134e-02  -1.2270123e-01
   1.0463243e-01   9.3052150e-02
   1.2910341e-01  -7.7200100e-02
  -2.4510441e-02   1.3107131e-01
   1.4016756e-01   1.8692899e-02
  -1.3316704e-01   1.0154633e-02
  -8.8887943e-02   1.4195343e-01
  -7.2592368e-02  -1.3545279e-01
   3.6164830e-02  -1.3032554e-01
  -4.3743208e-02  -1.3223480e-01
  -9.8255400e-02  -9.8171746e-02
  -7.9377660e-02   1.2049533e-01
  -1.0062490e-01  -7.1354814e-02
   3.3844109e-02  -1.1347305e-01
   1.1073351e-01   1.0344011e-01
  -1.0394224e-01   1.3146769e-01
  -1.2098405e-01   4.7367590e-02
  -8.1054249e-02  -9.9433678e-02
  -9.2972445e-02   1.1357574e-01
  -1.3122724e-01   4.4352312e-02
  -1.3877387e-01   2.5538436e-02
  -1.4572656e-01  -3.5274238e-02
   1.3225138e-01   4.7472554e-02
   1.4253487e-01   4.4231741e-03
   1.4482022e-01   3.9400892e-02
   1.4443478e-01  -2.7194976e-03
   1.2239012e-01  -6.1130763e-02
   1.4423346e-01  -4.2085825e-02
   1.3814831e-01  -6.2175440e-02
   1.3799606e-01  -4.9894806e-02
   1.4403698e-01  -5.3569239e-02
   1.4904541e-01  -2.0255394e-02
   9.7849921e-02   3.3816767e-01
  -1.0885662e-01  -3.3460969e-01
   2.2377839e-01  -4.8391898e-02
  -3.3604990e-01  -1.0634357e-01
   1.0769949e-01  -3.4109249e-01
   2.5246271e-01  -1.5773040e-01
  -2.3776422e-01  -2.9882046e-01
  -2.4559185e-01  -1.5914458e-01
   1.6893309e-01  -2.5440371e-01
   2.5083640e-01  -3.3824972e-01
   3.4463337e-01  -2.5686170e-02
   1.6864957e-01   2.8554883e-01
  -2.1631650e-01  -1.0947305e-01
  -2.7390864e-01  -1.4863789e-02
  -2.5906020e-01   1.2527720e-01
  -3.0508402e-01  -2.4666434e-01
   3.4120093e-01  -1.4901842e-01
  -1.8396630e-01   3.4406123e-01
   1.1650334e-01   1.8977010e-01
   3.4799990e-01  -2.4731521e-01
  -1.2341991e-01   2.5744604e-01
   2.8190953e-01   3.4899796e-01
   2.4266285e-01   1.7369316e-01
  -3.5691494e-01   2.8854607e-01
  -2.6686861e-01   3.4236151e-01
   3.4981238e-01   2.7276522e-01
   3.5292151e-01   1.7067714e-01
   2.4203178e-02   3.5321650e-01
  -3.4566394e-01   1.8124590e-01
   1.9305636e-02  -2.6435259e-01
  -1.9135989e-01   2.6955802e-01
  -1.2992462e-01  -1.6984753e-01
   2.8889898e-01  -2.5128779e-01
   1.0935020e-01  -2.1846234e-01
  -1.8629392e-01  -2.1413297e-01
  -8.8753081e-02  -2.5472731e-01
  -1.5124846e-01   1.5984221e-01
   2.5599986e-01   2.8850077e-01
  -2.8220186e-01   2.5418624e-01
   1.7332523e-02  -3.5669503e-01
   2.9787162e-01   1.0483653e-01
   1.5586392e-01  -1.4272244e-01
   2.2705569e-01   3.6499221e-01
  -1.9709981e-01   1.9918310e-01
  -2.8115027e-01  -3.4698525e-01
  -6.0960786e-03  -3.1457127e-01
  -3.5384040e-01  -6.3513561e-03
   3.0619220e-02   2.5515792e-01
   2.5446576e-01   1.7000549e-02
  -7.3212048e-02   3.1276743e-01
  -1.2407862e-02   3.0973878e-01
  -3.6274134e-01  -3.1239792e-01
  -3.5969650e-01   7.1053325e-02
   2.5445339e-02  -1.9733941e-01
   3.5872241e-01   7.5856168e-02
  -1.9834840e-01  -2.4435182e-02
  -3.1842468e-01   7.1757323e-02
  -1.6924217e-01   1.1140201e-01
   1.9429641e-02   1.9926827e-01
  -2.3891297e-01   5.9358095e-02
  -3.6113338e-01   3.4609814e-01
   3.4570308e-01   3.6078934e-01
  -4.9141174e-02   2.3684641e-01
   3.6734004e-01  -3.4127435e-01
   2.4576144e-01   8.7000616e-02
   3.7626248e-01  -8.8241885e-02
  -1.8940295e-01   5.2841604e-02
  -3.0464109e-02   1.9281402e-01
  -1.0632633e-01   3.7475828e-01
   3.7598154e-01   1.1726958e-01
   2.1010703e-01   1.2373068e-01
  -7.2133635e-02   3.6058713e-01
  -4.3641496e-02  -1.8524766e-01
   1.7926259e-01   7.2464638e-02
   1.9920306e-02  -7.2017560e-02
   3.4538260e-01  -3.6980237e-01
  -9.6466929e-03  -3.4280856e-02
  -8.8921441e-02   1.2003219e-02
  -3.2422452e-02   1.5212670e-02
  -1.1844710e-03   6.5182508e-02
  -3.7884967e-02  -2.2235783e-02
  -7.8020105e-02  -4.0104745e-02
  -4.3953062e-02  -7.7104496e-02
  -3.4140735e-01  -3.6993618e-01
   3.7575230e-01   3.2900540e-01
  -3.2663439e-01   3.7577067e-01
  -5.4012217e-02   5.5488757e-02
   1.5227535e-01   1.1642759e-01
  -3.7941924e-01  -2.8038832e-01
   1.8569873e-01   2.5024173e-02
   5.8466724e-02  -1.3307288e-02
   3.1988372e-02   3.2538427e-02
   1.2940134e-02   7.4241984e-03
  -8.6594888e-02   1.6383853e-01
   4.4056924e-02  -4.5475797e-02
  -1.0043554e-03  -1.0723362e-01
   8.8476146e-02   2.8880950e-02
  -3.3098946e-02  -1.0934804e-01
  -4.4264378e-02   9.4170464e-02
   6.2439447e-02   5.8208667e-02
  -2.2932462e-02   8.9561089e-02
  -1.7729934e-01   1.6550622e-02
  -1.0194808e-02  -1.7216922e-01
   8.3431141e-02  -5.0316991e-02
  -1.1502719e-01  -1.1449770e-02
   8.7823727e-02   3.3645975e-03
  -1.1511580e-01  -2.6112494e-02
   8.4499965e-02   5.3221485e-02
   1.1738670e-01   1.7050512e-02
   1.0279351e-01  -9.5676935e-03
   1.0462302e-01  -4.7835465e-02
   4.2572229e-02   7.7087378e-02
   1.2675102e-01  -6.6957007e-03
   1.0178032e-01   6.0733110e-02
  -1.0274807e-01   6.4260238e-02
  -8.4287871e-02   6.7845077e-02
   9.5991601e-02  -9.3541141e-02
   4.9875590e-02   1.4061041e-01
   1.1599940e-02   1.4742492e-01
   6.6350646e-02   8.2273434e-02
  -7.2003507e-02   1.0734905e-01
   3.0568319e-02   1.2511287e-01
   1.1762124e-01  -9.0921839e-02
   6.5360851e-02  -1.0857822e-01
   4.5486625e-02  -1.3990843e-01
   7.6152300e-03   1.0982666e-01
   2.9321645e-02   1.0047788e-01
  -5.0750813e-03   1.2863115e-01
  -9.7819748e-02   8.2471104e-02
   7.7168649e-02  -8.0707089e-02
   6.8684927e-02  -1.3407520e-01
   6.0534136e-02  -6.4156063e-02
  -6.8515423e-02   8.5398734e-02
   9.2153720e-02  -1.1595907e-01
   5.3963438e-02  -1.2380496e-01
   3.1305248e-02   1.4584487e-01
   9.0575803e-02   7.9460723e-02
   1.2312877e-01  -2.8106096e-02
   7.3634441e-02   1.3183280e-01
   1.1968560e-01   3.1385249e-02
   1.5097697e-02   1.3729101e-01
  -1.3831434e-01  -1.3801964e-02
  -1.1640753e-02   1.1530548e-01
  -1.0397580e-01   3.8610497e-02
   7.2079710e-02   1.1489605e-01
   6.1171045e-02  -8.1902457e-02
   1.0638562e-01   4.1045900e-02
   2.8114596e-02   8.1486211e-02
   7.1369661e-02   1.0295014e-01
  -1.4992210e-01   1.3807345e-02
   7.6850408e-02  -9.2065323e-02
  -3.3774447e-02   1.3222249e-01
  -1.2043198e-01  -9.1716845e-02
   6.7026143e-02  -9.6936702e-02
  -9.9557832e-02   1.4126843e-01
   1.2867414e-01  -4.0604291e-02
  -8.5253368e-02  -1.1976546e-01
   6.3929952e-02   1.2023763e-01
  -1.1487995e-01  -7.5548976e-02
   6.0948687e-02   9.9866827e-02
   4.4709239e-02   9.7302239e-02
  -2.9150967e-02   1.1688549e-01
   4.3825391e-02   1.1364892e-01
  -7.7548962e-02  -1.1657547e-01
   1.1355129e-01  -8.0068558e-02
  -9.9864096e-02  -7.9139907e-02
   1.1090501e-01   8.6682418e-02
   1.0737822e-01   1.0842754e-01
   1.2245525e-01  -4.6319900e-02
  -9.5615096e-02   9.2844622e-02
  -1.3625591e-01  -3.3948124e-02
   3.9410155e-02  -1.2100334e-01
  -1.5148366e-01  -1.0497292e-02
  -1.2046744e-01   6.8088733e-02
   1.3673665e-01  -2.2065031e-02
   1.1987649e-01  -7.4164524e-02
  -6.6150973e-02  -1.1000168e-01
  -1.4831458e-01  -4.3195558e-02
  -1.0389118e-01  -9.8671154e-02
  -1.3947074e-01   4.9954158e-02
   1.2644557e-01  -8.6038375e-02
  -9.1825131e-02  -1.0409494e-01
  -8.4574122e-02  -8.9708620e-02
  -9.6853836e-02  -9.2890065e-02
  -1.2134353e-01   3.5095245e-02
   3.7294460e-02  -1.0640524e-01
  -1.2916448e-01  -5.3196422e-02
   1.0965356e-01  -6.7145450e-02
  -1.2895185e-01   3.6721138e-02
  -1.1518224e-01  -5.8788158e-02
  -8.7690315e-02  -8.2163856e-02
   1.1682360e-01  -6.5879491e-02
   4.6380411e-02  -9.5628853e-02
  -1.2699056e-01   1.5959730e-02
  -1.4089249e-01   1.6961532e-02
  -1.1825723e-01   5.5188297e-02
  -1.3161894e-01   2.5919456e-02
  -1.2557122e-01   2.2681568e-02
   1.3320898e-01  -5.2695114e-02
   4.0000000e-01   4.2253440e-02
  -3.9445059e-02   4.0000000e-01
  -4.0000000e-01   3.7685658e-02
  -4.4012841e-02  -4.0000000e-01
  -8.4709428e-02   1.3573619e-01
  -9.8750259e-02   1.2589037e-01
   1.7236889e-01   3.4730877e-01
   2.4211602e-01  -2.7997516e-01
  -2.2658602e-01  -3.5072390e-01
  -3.4923367e-01  -2.1846212e-01
  -3.5544385e-01  -1.6011947e-01
   1.9894497e-01  -1.6790893e-01
  -1.1894339e-01  -2.9732796e-01
   1.5460179e-01  -3.4731594e-01
  -1.9445216e-01  -2.6062223e-01
   3.0200849e-01  -1.3835542e-01
   3.5277550e-01   2.1734356e-01
  -2.8710561e-01   2.0326948e-01
  -1.7469964e-01  -3.5738937e-01
   3.4066985e-01  -2.9233733e-01
  -2.9047663e-01  -1.4397154e-01
  -2.7621664e-01  -2.1499499e-01
  -7.5175742e-02  -3.1366385e-01
   7.3438540e-02  -2.6739784e-01
   1.1869763e-01  -1.6643870e-01
  -2.6557699e-01  -5.6203945e-02
  -2.6542037e-01  -2.6566760e-01
   2.0624559e-01   2.7124736e-01
  -1.6564137e-01  -1.1794583e-01
   3.0503680e-01   2.3386192e-02
   3.1630232e-01  -5.6934805e-02
  -2.9814364e-01   1.0813503e-01
  -1.1806800e-01   1.9024436e-01
  -2.2599222e-01   3.6865039e-01
   2.0083754e-01   2.0415087e-01
   2.8799242e-01  -3.5330930e-01
   2.7206012e-01  -2.0339087e-01
   3.6077070e-01  -1.9813348e-01
  -2.1772667e-01  -1.9203947e-01
  -3.1419122e-01   3.3116249e-03
   2.7286917e-01   1.9383199e-01
   5.8827164e-02  -3.5326385e-01
   6.0093174e-02   2.7111279e-01
   3.1297680e-01   7.4082644e-02
  -1.0945015e-01   2.9747081e-01
   2.6634532e-01  -5.4345723e-02
   1.5306380e-01   1.8432539e-01
   6.0701585e-02   3.2684960e-01
  -3.6255302e-01  -5.5228181e-02
  -7.6440339e-03   2.6803136e-01
   1.8850837e-01  -7.6993969e-02
  -1.8730287e-01  -7.3222759e-02
   1.0102510e-01   2.3264549e-01
  -3.5848040e-01   1.3937445e-01
  -2.6479037e-01   2.6099276e-02
  -3.6476642e-01   2.3153503e-01
   7.6612691e-02  -1.8361763e-01
  -1.3710595e-01   3.3310413e-01
   2.3312919e-01  -1.3822597e-02
  -1.6491492e-01   2.4899120e-01
  -5.4702829e-02  -2.3632789e-01
  -2.4232367e-01   2.7078392e-01
   2.6672532e-01   3.1806681e-01
  -1.8796569e-01   3.0536320e-01
  -2.6995489e-01   3.1184259e-01
  -3.2017208e-01   2.5926952e-01
  -8.0240611e-02   2.6314120e-01
   2.4098880e-01  -1.2860387e-01
   3.1706963e-01   3.4125099e-01
  -8.2257827e-03   3.6046456e-01
   1.3248320e-01  -2.4289393e-01
   1.4259974e-01   2.5983266e-01
  -3.4376292e-01   3.1666480e-01
  -1.9516516e-01   2.3541168e-01
   7.6217317e-02   1.8139734e-01
   2.7229166e-01   2.4460470e-01
   3.1752334e-01   2.7126429e-01
  -3.7483323e-01  -9.8666209e-02
  -2.3105471e-01  -1.0844496e-02
   3.6068279e-01   6.4090601e-03
  -9.0548933e-02  -1.7242442e-01
  -3.3504223e-03  -3.4488220e-01
  -1.7049315e-01   3.7000928e-01
   1.0174494e-01   3.7669112e-01
  -1.5494020e-02  -2.5996867e-01
  -7.9878569e-02  -3.6371819e-01
   3.6433961e-01   3.0252459e-01
  -3.7480991e-01   1.0563915e-01
  -2.9412424e-01   3.6498574e-01
   2.4392944e-01   5.6740919e-02
   3.5879248e-01  -5.7166126e-02
   3.6333001e-01   1.4276971e-01
   3.5899433e-01  -1.1710651e-01
   2.1683713e-02  -2.2798141e-01
  -1.4949567e-01  -2.0306760e-01
   1.1623122e-01   1.6368299e-01
   2.7570730e-01   1.4140428e-01
   3.7648423e-01  -2.5230591e-02
   3.2209703e-01   1.3545962e-01
  -2.4720680e-01  -1.2413669e-01
  -2.0069688e-01   1.1291973e-01
  -2.4119550e-01   8.9031079e-02
  -1.7746855e-01   1.6761749e-01
  -2.6761886e-01   1.5392700e-01
  -3.2801030e-01  -3.0578959e-01
   2.1855643e-01   9.6681924e-02
   3.1832241e-01  -2.3760589e-01
   3.7707307e-01  -1.4793146e-01
  -9.9783760e-02  -2.2936319e-01
  -3.0563174e-01  -3.2868334e-01
   3.8067371e-01   1.7066738e-01
  -1.4623495e-01   1.3005717e-01
  -3.6576810e-01  -3.4664627e-01
   1.4939532e-02  -2.9824519e-01
   3.7577176e-01  -2.4972382e-01
   2.2805178e-01   1.4810669e-01
  -3.1736999e-01  -2.7581278e-01
  -4.2448284e-02   3.1816258e-01
   1.8995761e-01  -7.9848978e-03
   1.7187883e-01   1.3224938e-01
  -2.1583156e-01   1.7274073e-01
  -2.2905832e-01   2.0360317e-01
   2.5453271e-01   3.6985224e-01
  -1.7297934e-01   7.9010493e-02
  -3.8352126e-01   2.8557912e-01
  -1.2524635e-03   1.8934984e-01
   1.4580947e-01  -1.1879464e-01
  -3.0924551e-01  -3.6047647e-01
   2.7996956e-01   8.9960315e-02
  -3.8214197e-01  -3.3011310e-01
   3.6962126e-02   2.2521278e-01
  -5.4981742e-02   2.0508098e-01
  -2.8262091e-01  -3.7873987e-01
  -3.6113648e-01   2.0733974e-02
   2.0683346e-01   4.1005191e-02
  -3.4869741e-01   3.6828401e-01
  -2.1157959e-01   5.9897561e-02
   3.6826651e-01   3.4951722e-01
   1.6448341e-01   9.4382911e-02
  -8.4417640e-02   3.3605947e-01
  -2.9754031e-02  -2.0928910e-01
   3.3224166e-02   1.7811298e-01
  -3.0066190e-02  -4.2252013e-02
  -5.1088816e-02  -5.7113856e-04
   7.1433606e-03  -1.6793237e-02
  -1.0997281e-02   2.0562906e-02
   3.6326573e-02  -1.8330735e-02
   1.3056327e-01   1.2314230e-01
   1.7748285e-01   5.0178005e-02
   9.9706465e-03  -1.8346238e-01
  -1.8177212e-01  -2.4292037e-03
   3.3485480e-03  -5.3257232e-02
  -3.3896060e-01   8.3045086e-02
  -6.1245401e-02  -7.0441071e-02
  -6.3120764e-02  -3.4364512e-02
   1.7108455e-02   5.3587761e-02
  -8.9185240e-03   4.4086261e-02
  -2.8652226e-03  -8.5803444e-02
  -4.0203559e-02   1.7683312e-01
  -8.4745660e-02   3.0544452e-02
  -3.5991142e-01   4.6776275e-02
  -3.8241790e-01   5.7899680e-02
  -3.8572632e-01   1.9968151e-02
   5.5919084e-02   4.0864478e-02
  -4.8001369e-02  -9.5623273e-02
   3.5822640e-01   5.1864918e-02
   3.8174238e-01   6.2627381e-02
  -4.5569274e-02   3.4036726e-02
  -1.7770246e-01   3.6575871e-02
   1.7422188e-02  -9.2174258e-02
   3.5770798e-01   9.9819104e-02
   5.3085834e-02   2.0151951e-02
  -2.2084900e-02   6.7530175e-02
   2.8413440e-02  -5.5161440e-02
  -3.3495036e-02  -1.7394290e-01
   2.4640969e-02   1.9040597e-02
  -9.7521486e-02  -3.7876589e-02
  -6.4614257e-02   1.6657125e-01
  -1.0304432e-01   3.3798466e-04
   3.4776143e-02  -7.6098849e-02
  -5.1549611e-02   7.5649270e-02
  -1.7399902e-02  -1.1248557e-01
   7.2807612e-02  -5.7064734e-03
   7.9487461e-02  -2.5969843e-02
  -7.1988643e-02   5.6741748e-02
   6.9187389e-02   2.8753960e-02
   4.2156638e-03   7.7801274e-02
  -4.1279363e-02   5.9921100e-02
  -1.0251443e-01   1.6338273e-02
  -8.2583115e-02  -2.3208002e-02
  -9.5586652e-02   1.5257123e-01
   9.7210283e-02  -2.4450891e-02
   1.7008319e-01   2.4607106e-02
   1.0003486e-01   1.3831844e-03
   9.0000900e-02   1.5663518e-02
  -3.0191585e-02   9.8291828e-02
   8.8128567e-02   4.2061977e-02
   5.4878511e-02  -5.2687761e-02
   1.0629933e-01  -3.5011297e-02
   9.4658164e-02  -4.8210277e-02
   1.2907938e-01   5.7992050e-03
   1.1350065e-01  -1.3513537e-02
  -2.4439190e-03  -1.1957001e-01
   7.3191464e-02   5.8402480e-02
   9.8466064e-02   3.5572238e-02
   5.1867156e-02   8.3537508e-02
  -4.7990176e-02   1.0658279e-01
   2.5820654e-02   1.3561154e-01
   9.2761946e-02   5.8478354e-02
  -8.6579439e-02   7.8638263e-02
  -8.3267179e-02   1.0518051e-01
   5.5129456e-02   6.3602654e-02
   6.4983314e-02   6.7823050e-02
   8.4520354e-02  -1.0948654e-01
   1.1921108e-02   9.9378593e-02
   9.0494328e-03   1.2031898e-01
   7.7931713e-02  -1.2712260e-01
  -1.3311837e-02   9.2770777e-02
   3.8397087e-02   6.8961323e-02
  -1.2294433e-01  -2.3126501e-02
   7.3325729e-02  -4.6692789e-02
   1.2313307e-01   2.2748271e-02
   1.1568085e-01   4.0730655e-02
   1.0920139e-01   2.0403029e-02
   2.4777822e-02   1.1615989e-01
   8.0819282e-02  -6.0777771e-02
   2.1724656e-02   9.6148639e-02
   7.5337157e-02  -1.1499763e-01
  -4.3843891e-03   1.3609849e-01
   8.9180217e-02  -1.2504199e-01
  -1.0466554e-01   7.3338808e-02
   8.4817280e-02   7.2973888e-02
  -3.7092098e-02  -1.1648807e-01
   9.9231455e-02   7.6477260e-02
  -1.2099721e-01  -5.0530531e-03
  -1.0478669e-02   1.2373053e-01
   1.3002538e-01  -3.1127693e-02
   1.0215117e-01  -5.6521554e-02
  -1.6737979e-01   1.5965692e-02
   9.6640866e-02  -8.2993348e-02
   1.3419780e-01  -1.2090052e-02
   6.8865293e-02  -7.7945778e-02
   1.0478443e-01   6.9468522e-02
  -9.3161793e-02   6.3781970e-02
   8.4775131e-03   1.3934109e-01
   7.1961146e-02  -6.3561710e-02
  -1.0610826e-01   5.4964768e-02
   4.8940251e-02   1.3002091e-01
   1.1300269e-01  -5.2202374e-02
  -1.0331092e-01  -8.4031980e-02
   1.1028024e-01   6.2304312e-02
  -1.0977382e-01  -1.8728438e-02
  -2.0501961e-02   1.1158708e-01
   4.7312701e-02  -1.1995029e-01
   3.8978959e-02   8.5486464e-02
  -1.4684176e-01   4.5396018e-02
  -1.3609385e-01  -7.1117008e-03
  -1.3918109e-01  -2.0974944e-02
   1.2041259e-01  -1.9679410e-02
  -9.6571070e-02   5.6669558e-02
  -1.5313535e-01  -5.3225325e-03
   5.9846117e-02  -9.0373081e-02
  -9.3647664e-02  -7.6915096e-02
   3.8494237e-02   1.0525310e-01
   8.4083332e-02  -7.8569697e-02
  -1.1861669e-01   4.0830436e-02
   1.3298646e-01  -1.9662115e-03
  -1.3577630e-01   3.8143842e-02
   2.4606786e-03   1.0036062e-01
  -1.2939356e-01  -3.5562787e-02
   5.4762846e-02  -8.5633956e-02
  -1.1085554e-01   7.3854187e-02
   4.0000000e-01   5.9711714e-02
   4.0000000e-01   1.0950013e-01
  -1.0721965e-01   4.0000000e-01
  -4.0000000e-01  -2.7991808e-01
  -4.0000000e-01   5.5366843e-02
  -4.0000000e-01   2.0004472e-02
   1.5366506e-01  -2.9235462e-01
   2.0191650e-01  -3.5758895e-01
   1.9285152e-01  -2.1446966e-01
   1.3247359e-01   3.0959902e-01
  -3.0533259e-01  -8.3533027e-02
   3.2140202e-01   1.9156672e-01
  -2.5285382e-01  -3.2835966e-01
   7.6829550e-02  -3.0531918e-01
  -1.1218208e-01  -3.7549810e-01
   2.3412924e-01  -8.4304777e-02
   1.9798901e-01  -2.7578688e-01
   8.8115927e-02   3.0292829e-01
   7.2273639e-02   3.6644933e-01
   1.9348166e-01   2.3625610e-01
  -2.4371499e-01  -8.1637368e-02
   3.2366042e-01  -2.7490262e-01
  -1.5901752e-01  -2.4311208e-01
  -2.9982300e-01   3.5254322e-02
  -1.9932561e-01  -3.4044028e-01
   1.3589896e-01   3.6095470e-01
  -3.7487576e-01   1.7685488e-01
  -2.1344669e-01  -1.4388001e-01
   3.2411717e-01   1.7211737e-03
   1.9008660e-01  -4.4302085e-02
   3.0531434e-01  -8.9201477e-02
  -1.5122775e-01  -3.3354494e-01
   3.2355822e-01  -1.1762848e-01
  -3.2340459e-01   1.3681657e-01
   5.2107311e-03   3.3239829e-01
   1.0249971e-01  -3.7073623e-01
  -3.1813616e-01   1.9983972e-01
  -3.5396340e-01  -8.4647237e-02
   2.3130565e-01  -3.1048344e-01
   1.4582762e-01  -3.7410428e-01
  -3.3489856e-01  -2.4977383e-01
   9.0110900e-02  -2.4057030e-01
  -2.1177788e-01  -2.9483593e-01
  -2.2598885e-01  -2.7421853e-01
   2.2646547e-01  -1.8655196e-01
  -1.5655002e-01  -1.4667006e-01
  -3.4083929e-02  -3.1921648e-01
   2.0484621e-01   3.4586346e-01
  -2.7674514e-01  -1.7622114e-01
   1.6695001e-01   3.8020290e-01
  -1.1816641e-01  -2.5975867e-01
  -1.3817448e-01   3.6214934e-01
  -1.1017946e-01  -2.0079042e-01
   3.3367805e-01   2.9810468e-01
  -2.9537287e-01   3.2997542e-01
   2.9280175e-01  -1.7407586e-01
   2.4462906e-01   3.3981900e-01
   2.6538188e-01  -3.6712466e-01
  -2.3714644e-01   1.4786470e-01
  -3.1733958e-01  -1.4206744e-01
   2.1772929e-01  -1.4717996e-01
   2.7879093e-01  -3.3111074e-01
  -1.0407422e-01   2.2599887e-01
   2.7483031e-01  -2.7948164e-01
  -3.7236818e-01  -1.8663578e-01
  -3.6950911e-01  -1.3599984e-01
  -2.6264978e-01   2.1528232e-01
   1.3177169e-01   2.2359033e-01
   1.9396111e-01   2.9749560e-01
  -3.8122257e-01  -2.2189709e-01
  -1.6973721e-01   1.3787019e-01
  -2.4547028e-01  -1.9390314e-01
   2.7381636e-01  -1.3372609e-01
   3.4399817e-01  -1.7330330e-01
   2.8143969e-01   3.8182768e-01
  -3.7451621e-01  -2.5038386e-02
  -2.7126535e-01   9.3855011e-02
  -3.0694092e-01  -1.7403179e-02
   2.5472507e-01   2.1978219e-01
  -2.7968223e-01   1.8249831e-01
   2.7127150e-01   1.6654575e-01
  -9.4437376e-02  -2.8964488e-01
   1.7330129e-01  -1.0222843e-01
   3.7053629e-01   2.4488501e-01
   3.6767080e-01   1.9524856e-01
  -7.6544927e-02   2.8766482e-01
   3.1439065e-01   3.7215408e-01
  -3.0244471e-01  -2.1546280e-01
  -3.7424018e-01   3.1662288e-01
  -1.2080246e-01   1.5468190e-01
   1.5873121e-02  -3.3160020e-01
   3.2330625e-01  -3.1400296e-01
   3.1432332e-01  -3.6247594e-01
  -2.1466624e-01   3.3742284e-01
  -2.0155820e-01   3.6744355e-01
   2.9225719e-01  -2.2054724e-01
   3.4128737e-01  -2.1863821e-01
  -1.1835295e-01  -1.4369692e-01
   7.9563709e-02   2.4975486e-01
  -2.4869305e-01  -3.1609711e-02
   2.8446681e-01   2.7267615e-01
  -3.6991718e-01   2.6433626e-01
  -2.7041348e-01   2.7842234e-01
   3.6254779e-01  -2.7301129e-01
   1.2675942e-01  -1.3656890e-01
   1.7553591e-02   3.7762884e-01
   3.6966957e-01  -3.0355901e-01
  -2.6253681e-01  -2.3852388e-01
   2.6359479e-01  -2.2880254e-01
  -2.4391255e-01   3.2430807e-01
  -2.5599787e-01   3.7332809e-01
   3.3233749e-01   2.4120783e-01
  -2.2918398e-01  -3.8066208e-01
  -1.3757305e-01   2.7302597e-01
   3.3745283e-01   1.5039052e-01
   2.9517872e-01   3.2013825e-01
   2.2535615e-01   2.0661934e-01
   2.1272430e-01   1.7151899e-01
  -1.2240396e-01   3.1414637e-01
  -3.2559874e-01   2.8726860e-01
  -2.7916939e-01   3.8768586e-01
  -1.6619743e-01   3.1903761e-01
   5.5889859e-02   2.4407981e-01
   3.3636889e-01  -5.7049844e-02
  -9.2069617e-02   1.9019531e-01
   3.0404521e-01   5.3158073e-02
   9.1640865e-02   2.0363034e-01
   3.8076224e-01   2.7813500e-01
   5.0130745e-02  -2.5061093e-01
  -1.4650691e-01   1.8874625e-01
  -2.0992126e-01  -2.1592987e-01
  -1.7441692e-01  -1.8947774e-01
  -1.1311129e-02  -2.9288688e-01
   4.9844904e-03   2.9093031e-01
  -2.5559319e-01   2.4574024e-01
  -3.0278835e-01   2.4504295e-01
   3.6809331e-01  -2.2502724e-01
   2.4506815e-01  -3.6743788e-02
   2.5986214e-01  -7.9986766e-03
   1.8481710e-01  -1.4020947e-01
   2.3386744e-01   2.6293306e-01
   2.4188024e-01   3.1207768e-01
   1.0213144e-01  -1.8680314e-01
  -1.8291156e-01  -4.4731566e-02
  -1.6373145e-01  -8.9432237e-02
   3.8177299e-02  -3.4293785e-01
  -2.0561251e-01   2.9049570e-01
  -2.1782969e-01   2.6325521e-01
  -1.7277956e-01   2.7957100e-01
  -2.2861827e-01   1.1624919e-01
  -1.0176251e-03  -3.6859568e-01
   1.3693337e-01  -2.1483903e-01
   1.8114696e-01   1.8246713e-01
   4.9001548e-02  -1.7947031e-01
  -2.4844885e-01   7.9744049e-03
   1.4227156e-01  -1.6788172e-01
  -3.3604841e-01   1.0621432e-02
  -6.3425435e-02  -2.6900730e-01
  -2.0491317e-01  -1.5917307e-03
  -2.7150974e-01  -1.2826910e-01
  -2.3853309e-02  -3.6171374e-01
   4.0057476e-02  -3.7241294e-01
   2.4133382e-03  -2.0776523e-01
  -2.8932301e-01  -2.7258357e-01
   2.6561666e-01   1.1696655e-01
   3.1764782e-01   1.0059737e-01
  -2.7961156e-01   1.2374883e-01
   2.3003938e-01   3.0116849e-02
   9.0087143e-02  -1.6327381e-01
  -7.2405669e-02  -2.3451654e-01
  -6.8364821e-02  -1.8268540e-01
  -6.5412761e-02  -3.3978512e-01
  -2.5506478e-01  -3.6437662e-01
  -1.7768436e-01   1.9991355e-01
   4.7026115e-02   1.9854791e-01
   4.0663931e-02   2.7299131e-01
   1.1687728e-02   2.3275704e-01
   2.7792209e-01   3.5915253e-02
  -9.9810591e-02   3.1835039e-01
  -1.4398912e-01  -1.0855196e-01
  -3.2941380e-01  -1.3731134e-02
   9.7233764e-02   1.7541632e-01
   1.3698085e-01   1.7264304e-01
   2.3967456e-01   3.8368456e-01
   2.8970906e-01  -4.3127755e-02
   2.9009365e-01   7.9886875e-02
  -2.0549341e-01   3.5676309e-02
   1.6373923e-01   1.6015684e-01
   4.9336402e-03  -2.3610684e-01
  -3.2378181e-02   2.5564342e-01
  -4.3790033e-02   2.1838073e-01
   1.9335470e-01   8.7754981e-02
   3.3754382e-01   6.3533246e-02
  -3.2802504e-02   2.9358759e-01
   2.1152724e-01  -5.5070616e-03
  -2.1296043e-01   2.1894034e-01
  -1.7588697e-01   2.3289769e-01
   3.5865730e-01   2.9004330e-02
   1.6574584e-01  -7.0065934e-02
  -3.3908984e-01   5.9241945e-02
  -3.1905820e-01   9.5384639e-02
   3.7909238e-01   9.0351192e-02
  -7.1960628e-02   2.3729170e-01
  -1.5147954e-01   1.0204696e-01
  -1.9096502e-01   9.8945947e-02
  -2.4901021e-01   3.6182627e-02
   3.7384968e-03   2.0723282e-01
  -3.1525474e-02  -2.4216627e-01
  -6.2603659e-02   3.3516140e-01
  -3.5808593e-01   1.1675539e-01
   3.0130883e-01   1.4180941e-01
  -4.9331118e-02  -2.1579743e-01
  -5.8352259e-02  -3.8118517e-01
   3.7463055e-01  -1.2552735e-01
   3.6079882e-01  -7.8796204e-02
  -2.4632891e-01   2.9655086e-01
   5.4789065e-02   1.7549311e-01
   3.7968350e-01  -5.2974246e-03
   3.5541374e-01   1.1957455e-01
   1.9753415e-01   6.0391453e-02
  -9.6271060e-02   3.5153824e-01
   1.1521024e-01   1.3896942e-01
  -1.9719604e-01   1.6607307e-01
   3.7070589e-02  -2.1698386e-01
   3.7920953e-01   2.0170440e-02
  -3.7922990e-01   8.4676417e-02
  -2.1639392e-01  -2.9885099e-02
  -6.6284698e-02   7.2861427e-03
  -3.5832668e-01   9.4566569e-02
  -2.2554829e-01   7.3490441e-02
   1.7889537e-01   7.5621534e-03
  -8.3738034e-02  -1.5996197e-01
   2.2637561e-01   1.1263573e-01
  -5.6911526e-02   2.5735614e-01
   1.8942783e-01   1.2460126e-01
   1.2462072e-02   1.8614016e-01
   2.5885524e-01   7.2383649e-02
   2.2743009e-01   8.1641216e-02
   3.8227268e-01  -6.9974971e-02
  -1.6771799e-01   5.4922332e-02
  -2.8816707e-02   1.6888210e-03
   3.6123728e-01  -3.5151175e-02
  -1.9100482e-01   7.4963489e-02
  -2.7082985e-02   1.7862609e-01
  -2.2404876e-02  -2.5877484e-02
   2.3436999e-02  -4.2217222e-03
  -3.6514730e-02  -5.8479833e-02
  -6.8980520e-02  -5.2566933e-02
   1.6442370e-01   7.3253041e-02
   5.2648353e-02  -2.7672748e-02
  -1.8724735e-02   3.1900213e-02
  -4.5668753e-02  -1.7338763e-01
   5.2269438e-02   3.5055998e-03
  -1.5873412e-01   8.1015079e-02
  -2.1064128e-02  -7.5839531e-02
  -2.3161608e-01   1.8583626e-01
  -8.6145351e-02  -5.3710276e-03
   1.1882598e-03  -6.9876801e-02
   1.4997823e-01   9.7272692e-02
  -6.5950501e-02   4.3212980e-02
  -4.0809147e-02  -3.6069871e-02
  -5.3667206e-02  -1.3729989e-02
  -4.6763401e-02   1.9158228e-01
   6.3343116e-03  -3.9901985e-02
  -1.7611915e-02  -4.6615888e-02
  -4.5856407e-02   1.5868956e-02
  -8.7035996e-02  -5.4027212e-02
   1.5305826e-01   1.2927964e-01
   1.6954535e-01   1.0767488e-01
   4.4196959e-02  -6.4931931e-02
  -2.7958135e-02  -1.9071998e-01
  -5.4563855e-02  -8.3548003e-02
   1.3206289e-01   1.1002348e-01
   3.6298634e-03   4.9482265e-02
  -6.2824538e-02   7.3753936e-02
   1.9790571e-02   3.9389358e-02
   3.6413464e-02  -3.3931393e-02
  -4.5746906e-02   4.5715523e-02
  -1.7033088e-01  -6.7872672e-03
  -8.6716233e-03   7.7570957e-02
   1.3882591e-02   2.1409274e-02
  -4.6437016e-03   8.5941385e-03
   1.3549099e-01  -1.0727997e-01
   2.0097380e-01   2.8272663e-02
   1.3684553e-02   6.6125641e-02
   4.2843469e-02   4.5010601e-02
  -7.4931553e-02   1.5651532e-01
   5.2428605e-03  -1.7145619e-01
  -3.3891814e-02  -9.8369076e-02
   1.6310263e-01   5.2815695e-02
   3.9655877e-02   1.7841759e-02
  -8.5799778e-02   4.4388561e-02
   7.0782910e-02  -1.5225256e-02
   1.6734658e-02  -5.1452780e-02
   1.3879721e-02  -1.0596562e-01
  -9.2893474e-02   2.2141139e-02
   2.5962581e-02  -8.2384998e-02
   3.1118466e-02   5.9486903e-02
  -1.8446801e-02   5.5704107e-02
  -7.3940783e-02  -3.0471558e-02
  -4.0961334e-03   3.1367675e-02
   1.7601605e-01   3.6384253e-02
  -1.1030955e-01   3.9077316e-03
  -5.1359729e-02   1.6449045e-01
  -7.5106787e-02  -7.1275877e-02
  -1.8352595e-01   2.6763904e-02
   3.1676754e-02   1.6649555e-01
  -4.4540639e-02  -1.0788397e-01
  -1.6971441e-01   2.6919354e-02
   5.9494250e-02   2.9843073e-02
   5.4146788e-02   5.2536450e-02
   1.5130541e-02   7.8887325e-02
   8.1449939e-02  -3.8240166e-02
  -1.8244344e-01   7.8834128e-03
  -2.5931444e-02  -1.1745224e-01
  -9.3416152e-02  -2.6116720e-02
   1.0986663e-01   5.2647666e-03
   4.4884217e-03  -9.5236360e-02
  -4.2987516e-02   7.1705781e-02
  -7.9413077e-03  -9.5967148e-02
   9.9552744e-02   2.4110720e-02
  -2.2707999e-02  -1.6813144e-01
  -3.2786719e-02   6.9199676e-02
   4.7146978e-02   3.1008854e-02
  -1.1381845e-01  -3.6229909e-02
   2.9449443e-02  -6.6793245e-02
   7.7659348e-02   3.4184376e-02
   6.3122996e-02  -4.4595717e-02
   8.0125025e-02   1.0558900e-02
   7.7117905e-02   2.1309914e-02
  -5.5324503e-02   8.4699548e-02
  -1.3933373e-02  -1.2026811e-01
  -9.6549773e-03  -1.1294862e-01
  -1.0769653e-01  -4.4838233e-02
   9.2590837e-02  -6.9019037e-03
   8.1335509e-02  -7.5332315e-03
   4.8170321e-02   7.0897925e-02
  -3.3761779e-02   8.6530693e-02
   9.0616916e-02  -5.9212157e-02
   9.4965529e-02   8.3154324e-03
  -9.8081717e-02   8.9756988e-03
  -4.3945603e-02   8.1677808e-02
   1.0572296e-01  -2.7805379e-02
  -3.7861078e-02   1.0397158e-01
  -1.0607772e-01  -9.7744760e-03
  -1.9517473e-02   9.8420492e-02
   1.2593912e-01   1.3924861e-02
   4.2907632e-02  -8.1073744e-02
   8.8602070e-02  -2.1084566e-02
  -7.9139865e-02   8.4860085e-02
   8.4157190e-02   6.3831399e-02
   9.9197826e-02   5.3513451e-02
   1.5890456e-02   1.1570261e-01
   1.1025798e-01  -3.6505242e-03
   1.2368174e-01  -1.3078900e-02
   9.2755280e-02   5.0653543e-02
  -7.9423151e-02   6.0091614e-02
  -1.2382350e-01  -1.3271669e-02
   1.1362845e-01  -3.2174418e-02
  -1.1039390e-01   2.1579037e-02
   1.0143563e-01  -4.0733485e-02
   1.1181448e-01  -4.1619959e-02
   2.9463796e-02   1.0872167e-01
   3.5463156e-02   7.6751859e-02
   1.1568942e-01   2.4581082e-02
  -1.0695665e-01   4.7510229e-02
  -1.2868365e-02   1.0757138e-01
   7.5199083e-02  -5.5165719e-02
   3.6475863e-02   9.5948152e-02
   8.1542798e-02  -7.3364672e-02
   6.4484288e-02  -7.6618204e-02
   1.3611320e-01  -3.0405773e-02
   1.2717302e-01  -3.4628206e-02
   1.3284535e-01  -3.6116568e-02
   1.3084016e-01  -2.6394767e-02
   4.0000000e-01  -2.5479143e-02
   4.0000000e-01   1.7176558e-01
   1.0092466e-01   4.0000000e-01
  -4.0000000e-01  -1.0235334e-01
  -4.0000000e-01   1.0579096e-01
  -4.0000000e-01   2.8130495e-01
  -2.8337775e-01  -4.0000000e-01
  -1.5977267e-01  -2.8286561e-01
   1.2036816e-01  -3.0489896e-01
  -1.4491222e-01  -3.6580281e-01
  -3.0177620e-01  -1.1637564e-01
   1.6475689e-01   3.1299842e-01
   1.2795833e-01  -3.5580460e-01
  -3.7952508e-01  -1.5684485e-01
   2.3042794e-01  -3.6695616e-01
  -3.6552737e-01  -2.5060785e-01
   1.4173908e-02  -3.7956804e-01
  -2.6759850e-01  -2.9500658e-01
   2.0499979e-01  -2.4048317e-01
   3.9374361e-02  -2.8913247e-01
  -3.4074049e-01  -1.8631596e-01
   1.6627086e-01   2.6061002e-01
  -3.3745545e-01   1.5245875e-01
   1.3114398e-01   2.8043634e-01
  -2.0263623e-01  -3.6850443e-01
   3.7056799e-01  -1.7379339e-01
   1.7576763e-01  -2.7835192e-01
   3.1263536e-01  -2.5355546e-02
  -2.9876315e-01  -5.2536093e-02
   1.6655030e-01  -2.2232983e-01
   1.9851731e-01   3.7302345e-01
   3.2490066e-01  -1.5959682e-01
   1.8370479e-01  -3.3600216e-01
   1.7699882e-01  -3.6616377e-01
   1.5154080e-01  -2.6992347e-01
  -1.3742954e-01   2.3054530e-01
   2.5866402e-01  -2.5591591e-01
  -1.0210468e-01  -3.1562360e-01
   3.7819694e-01   2.1776663e-01
   1.7047202e-01  -1.6734242e-01
  -2.2038840e-01  -3.2124973e-01
   2.9579126e-01  -1.1610991e-01
   2.1671700e-01  -3.3686488e-01
   5.5121688e-02   2.9821308e-01
   2.9259201e-01  -3.7663440e-01
   6.2267625e-02  -3.2790816e-01
  -2.1543248e-01  -7.6367382e-02
  -3.4431440e-01   2.6062337e-01
   2.6217247e-01  -3.0742677e-01
   3.4217508e-02   3.2572807e-01
  -3.6600636e-01   1.9958763e-01
  -3.4461759e-01   2.0899401e-01
   2.0177459e-01  -3.8180444e-01
   7.1258706e-02  -3.7421027e-01
  -1.8858629e-01  -1.3826236e-01
   3.0563469e-01  -3.3448362e-01
  -3.0506186e-01  -1.5902324e-01
   8.9657364e-02  -2.8359198e-01
   8.2642043e-02  -2.0932080e-01
  -2.8503994e-01   2.0800421e-02
  -2.9954039e-01   8.4814981e-02
   3.2686927e-01   1.7187653e-01
   2.8224482e-01   8.2939533e-03
   2.8732538e-01  -7.1905098e-02
  -3.2357498e-01  -2.2741343e-01
  -2.0741611e-01  -2.4137299e-01
  -1.9072067e-01  -1.0136904e-01
   2.1673118e-01  -7.1794315e-02
   2.7580398e-01  -1.5780154e-01
  -1.9728572e-02   3.3376392e-01
  -1.7761590e-01  -3.3068831e-01
   3.1938894e-01   3.1689843e-01
  -6.8656175e-02  -2.8745863e-01
   2.2075545e-01  -1.0593210e-01
  -3.1765558e-01   3.1574464e-01
   3.2658504e-01   2.1135844e-01
   1.2708751e-01  -1.9005797e-01
  -3.2703745e-01  -8.3364215e-02
   2.1377778e-01  -2.8873143e-01
  -3.3727040e-01  -5.9981197e-02
   2.8140584e-01   2.9914795e-01
   1.3864940e-01   2.0766106e-01
  -1.5920788e-01   3.4582762e-01
   2.8526333e-01   2.2149688e-01
   3.4137706e-01   1.9307802e-01
   3.0199911e-01  -2.7726905e-01
  -2.8238455e-01   2.3099852e-01
   1.1251628e-01   2.4867980e-01
  -1.5916098e-01  -1.7449477e-01
   3.4708466e-01  -3.1836151e-01
  -2.2538483e-01  -1.6003099e-01
  -2.1997506e-02  -3.3610119e-01
  -3.4617361e-01  -3.3231297e-02
  -2.4315352e-01  -2.5720482e-01
   1.2112679e-01   3.3555292e-01
  -2.8167305e-01  -2.5149913e-01
  -2.9787693e-01   1.7983093e-01
   2.2342709e-01   3.4311224e-01
  -2.9964431e-01   2.7059227e-01
  -9.3332118e-02   2.4254915e-01
  -2.8799321e-01  -1.9367067e-01
   2.5720443e-01   1.5095496e-01
   1.1236804e-01  -2.4783456e-01
  -3.0378306e-01   2.2238084e-01
   1.8498932e-01   2.1803762e-01
  -1.3690044e-01  -1.3207161e-01
   2.3134090e-01   7.2187666e-03
  -2.5248028e-01  -2.1367658e-01
  -2.6884188e-01  -1.5537762e-01
   2.1813627e-01  -2.7404143e-02
   3.0013658e-01   2.4597898e-01
   2.2533458e-01  -1.7137799e-01
  -1.4419654e-01  -2.2631067e-01
   2.6710748e-01  -3.3566105e-02
  -9.6292070e-02   2.8096504e-01
  -3.1827438e-01   2.4738539e-02
   2.2488865e-01   2.9230361e-01
   2.1021029e-01   2.4716652e-01
  -3.4103169e-01  -1.3422965e-01
   2.0895751e-01  -1.9823983e-01
   2.5682016e-01  -1.8840024e-01
   3.8237419e-01  -2.0871897e-01
  -2.5979450e-01   7.8962376e-02
   2.7080776e-01  -3.4752129e-01
   3.0243543e-01   2.0017798e-01
   2.0758443e-01   2.2436731e-01
   3.2210964e-01   2.1395205e-02
  -3.7921084e-01  -7.6957462e-02
  -3.7831918e-01   1.2632553e-01
   7.3329280e-02  -2.4250436e-01
  -2.4562096e-01  -6.0967605e-02
  -2.8400776e-01  -8.2460965e-02
  -2.4153174e-01   3.4928800e-01
  -2.1395671e-01   3.8406185e-01
  -3.7511310e-01   2.3535869e-03
   1.1579901e-03  -2.7799439e-01
  -1.1600082e-01   3.4836567e-01
  -3.0313778e-01   1.3438948e-01
   3.2489979e-01  -7.6081408e-02
   3.3573653e-01  -1.9567219e-01
  -2.5046172e-01  -1.0278169e-01
   1.9458726e-01  -9.8377170e-02
  -1.0536803e-01   1.6988299e-01
  -1.6770826e-01  -6.4346516e-02
  -2.6114354e-01   4.5990687e-02
   1.3119146e-02   3.1108013e-01
   2.4038433e-01  -6.2009889e-02
   2.5940802e-01  -7.8050828e-02
  -2.2175102e-01   1.3446448e-01
   5.1616833e-02  -2.0090829e-01
  -8.8067016e-02  -2.0148346e-01
   1.5760676e-01  -8.9687597e-02
   1.0733522e-01  -1.4637407e-01
   8.1401756e-02   2.6724259e-01
  -8.9256339e-02  -3.3652140e-01
   2.4680950e-01   1.9262109e-01
  -2.0364811e-01  -5.1620304e-02
   2.9198215e-01   1.7727631e-01
  -1.9727085e-01  -1.9696238e-01
   2.1182822e-01   1.5487298e-01
  -5.5447362e-02   2.9390112e-01
   8.2088186e-02  -3.4867648e-01
   2.9412982e-01  -1.9461095e-01
  -1.3639152e-01  -2.4874388e-01
   6.7445286e-02  -1.6615155e-01
  -1.1779978e-02   2.4355614e-01
  -1.8347195e-01   2.5027163e-01
  -3.3003515e-02  -2.6340431e-01
  -2.6511170e-01   1.9195555e-01
  -5.1286610e-02  -3.6126564e-01
  -1.2570594e-01   1.3281847e-01
   1.8534437e-02   2.7220801e-01
   3.3736657e-01   8.7102586e-02
   3.6117065e-01  -1.5101075e-02
   1.6930892e-01  -1.2041705e-01
   3.4079280e-01  -2.6913104e-01
   5.2023431e-02   3.4838807e-01
   8.2816380e-02   3.2301592e-01
   6.9830628e-02   2.3668768e-01
  -3.1836753e-01   4.7705080e-02
   3.2869688e-01  -2.5778185e-01
  -1.9407395e-01  -3.1354090e-01
   1.1343531e-01   2.1915931e-01
  -2.0474422e-01   3.1309269e-01
   9.1582140e-02   3.5568744e-01
   3.1699073e-01  -2.9282382e-01
   7.2389551e-02   1.6575895e-01
  -1.9153006e-01   3.2389737e-01
   3.7985617e-01  -4.5205460e-02
   3.4055697e-01   1.2927046e-01
   3.2107592e-01   5.3503813e-02
  -1.8790239e-01   2.1696096e-01
  -3.3946314e-01   1.2833922e-01
  -1.3933780e-01   1.7271350e-01
   9.4285874e-03   2.4917941e-01
  -2.2623313e-01   4.1326712e-02
   3.3468435e-02  -1.7520406e-01
  -1.7748674e-01  -2.6451473e-02
   3.5856239e-01  -1.3736810e-01
  -1.0380538e-01  -2.4670274e-01
  -1.1557252e-01   3.3040995e-01
   9.3442051e-02   1.5211945e-01
  -1.0015476e-01  -2.6629821e-01
  -2.2722810e-01   2.8580160e-01
  -3.5953733e-01  -1.1271572e-01
  -3.8086324e-01  -1.1699397e-01
   2.4476086e-01  -1.4202002e-01
   2.6436674e-01  -1.1622012e-01
   3.5981581e-01  -9.7714421e-02
  -1.4971744e-02   2.8777166e-01
  -1.1311506e-01  -1.6568870e-01
  -2.5664739e-01  -3.9211153e-03
   7.4499761e-02   2.0117355e-01
   1.9815781e-01   1.1007505e-01
   2.4874737e-01   1.0431662e-01
  -1.8621754e-01   2.8839071e-01
  -1.7345793e-01   2.9686279e-01
   2.5009947e-01   2.4483600e-01
   2.5930137e-01   2.6268611e-01
   3.7830846e-01  -1.0606200e-01
  -1.5772290e-01   2.6771440e-01
   2.2856745e-01   5.2259771e-02
  -2.1672682e-01   1.0379734e-01
  -3.2034165e-01   1.1823923e-01
  -1.4206130e-01   3.1054047e-01
  -1.3881564e-02   2.0143211e-01
  -2.5617042e-01  -1.7635330e-01
   1.8096400e-01  -2.3010076e-02
   2.6498309e-01   5.1137543e-02
  -1.8899376e-01   1.3015556e-01
  -6.0140363e-02   2.2043482e-01
   3.2429534e-01  -9.7847289e-02
  -2.2500144e-01  -1.2653409e-01
  -6.4592060e-02  -1.7128358e-01
   1.4767745e-02  -3.1495963e-01
  -1.6632523e-01   1.8328101e-01
   3.4073923e-01  -1.2804667e-01
  -5.3762419e-02  -3.2324831e-01
  -2.2782410e-01   3.5995208e-03
  -1.2985180e-01  -1.9131651e-01
   1.7032970e-01  -5.3546604e-02
  -2.3621119e-01   2.5509195e-01
  -2.1095748e-01   2.4198798e-01
  -1.0331583e-01  -1.4469824e-01
  -2.8516758e-02  -2.9795672e-01
  -2.3231773e-01  -2.7227307e-02
  -6.2801060e-02   2.7552438e-01
  -1.6726111e-01   1.5504079e-01
  -3.3170768e-02  -2.2413070e-01
  -1.3038653e-01   2.9409842e-01
  -9.4606022e-02   2.0892119e-01
  -6.9346114e-02   1.9920865e-01
   1.2381589e-01   1.7584982e-01
   2.4494396e-01   3.0528019e-02
  -2.5132231e-01   1.6033008e-01
  -2.8248713e-01   1.6526550e-01
  -2.6870574e-01   1.3813137e-01
   1.9319648e-02   2.1914455e-01
   2.2746490e-01   1.8295805e-01
   1.2558678e-01   1.5082736e-01
  -1.6994135e-01  -2.0204506e-01
   1.8022241e-01   9.3166217e-02
  -9.1078233e-02   2.9950857e-01
   2.4078068e-01   7.2398886e-02
   2.2789076e-01   1.3102462e-01
   7.2611738e-03  -2.2116597e-01
   2.0785521e-02  -2.4604304e-01
  -5.7394867e-02  -1.9503876e-01
   1.3943758e-01  -1.5057316e-01
   3.9923733e-02  -2.3698265e-01
  -2.7994315e-01   1.0582660e-01
  -1.3414845e-01   1.1544514e-01
  -2.1029427e-01   2.2025325e-02
  -1.5992200e-01   1.2356023e-01
   2.8833851e-01   1.2135617e-01
   2.8929733e-01   1.5814773e-01
   1.9629281e-01   1.7394074e-01
   3.0879439e-01   1.2038231e-01
   3.1880253e-01   1.5260664e-01
   9.9444324e-02   1.8860811e-01
   4.9122278e-02   2.5673912e-01
  -2.1490135e-01   1.9377901e-01
   2.0164249e-01  -1.4903909e-01
  -1.3467196e-02  -2.0185523e-01
   3.4578047e-01  -4.2618447e-02
  -2.4612513e-01   1.0947563e-01
   3.0168841e-01   9.0495154e-02
  -1.8641574e-01   1.8310195e-01
  -1.1280339e-01  -2.2010960e-01
   1.8639495e-01   1.4048304e-01
   2.0826116e-01   8.2188972e-02
   2.0231653e-02  -2.1022370e-01
   1.2145831e-01  -1.2415282e-01
  -1.6728970e-01   8.9952518e-02
  -8.3156624e-02  -2.2164645e-01
   2.2752123e-01   1.6482693e-01
   2.3420169e-01   9.8516788e-02
   1.9418998e-01   5.9741004e-03
  -7.1138784e-02  -2.5154426e-01
  -2.0867805e-01  -1.6832190e-02
   4.3069558e-03   1.7395380e-01
   6.6006599e-02   2.5445021e-01
  -8.8249012e-03  -1.7679079e-02
   1.5055181e-01   1.6928929e-01
   2.9005503e-01   9.3575015e-02
  -6.5911369e-02  -2.2341293e-01
   8.9812114e-02  -1.7806136e-01
   1.9085239e-01   4.0485688e-02
  -1.8938658e-02   1.0740949e-02
  -1.4933803e-01  -9.5823589e-02
  -2.0946948e-01   1.5984374e-01
   1.9310274e-01   7.3490830e-02
   1.7938678e-01   1.6625768e-01
   2.9593327e-01   3.7356501e-02
   1.7535921e-01   1.1809963e-01
  -1.0373108e-02  -2.4325895e-01
   4.1661551e-02   2.4158888e-01
  -1.8024241e-01   6.4517518e-02
   1.4297935e-01  -1.3314269e-01
  -1.6392513e-01   6.7470326e-02
   8.5970593e-03   1.9556939e-01
   4.5611344e-02   1.8350125e-01
   4.8169368e-02  -7.1344576e-03
   4.9150930e-02   2.1414849e-01
   2.9415410e-01   6.4942147e-02
   1.5969798e-01   1.4502042e-01
  -2.4873766e-01   2.0694321e-02
  -1.9040758e-01   3.9317107e-02
   2.7426055e-01   8.0313033e-02
  -7.3275192e-02   2.0470051e-02
  -1.4647413e-01   8.9343037e-02
  -8.2906694e-02   1.7847541e-01
  -5.1489539e-02  -6.3350660e-02
  -1.9230575e-01   3.5034225e-03
  -1.8371892e-01   8.5962248e-02
  -4.0825626e-02   2.0402694e-01
   2.1359770e-02  -1.6058815e-02
   8.9998520e-04  -4.6792289e-03
  -2.7904322e-02  -6.4909938e-02
   1.7112711e-01   6.3953420e-02
   1.9785791e-02   1.7265457e-01
   7.6242792e-03  -8.4473856e-02
  -2.0580417e-01   7.4202421e-02
   2.1551224e-01   2.9503280e-02
  -6.4621871e-02  -4.3649814e-02
   4.4411827e-02   1.6776580e-01
   1.5175023e-01   8.6183229e-02
  -2.5383914e-02  -1.2223815e-02
   4.8460301e-03   2.2320284e-01
  -1.8197721e-02   1.7090244e-01
   1.1887894e-01   1.2697458e-01
  -2.0135513e-01   4.9347906e-02
   1.3513002e-02  -1.9638522e-01
   3.3898620e-02   1.9229527e-01
   1.3944753e-01   1.3013325e-01
  -4.1630557e-02  -1.9930486e-01
   2.9576446e-02   6.5501288e-03
  -2.1343251e-02  -1.7834819e-01
  -6.2020125e-02  -2.5303682e-03
  -3.9821400e-02  -6.8833317e-03
  -4.1597591e-02   5.6300639e-03
   3.2313155e-02  -4.5629414e-02
  -4.0735059e-02  -4.9060626e-02
  -3.0642577e-02  -3.2523320e-02
  -2.2047924e-02  -3.6303625e-02
  -5.7962839e-02   1.4848052e-02
  -1.5007503e-03  -1.8138192e-01
  -1.7132693e-01   5.9134403e-03
  -7.8512340e-02  -5.9673342e-02
  -7.7384845e-02   4.0023708e-02
  -3.3307983e-02   3.6783185e-02
   1.4216352e-01   1.1948114e-01
  -1.6620817e-01   4.1383391e-02
   2.9464757e-02  -9.4001211e-02
  -2.8684985e-02  -5.3110212e-02
   1.6939467e-01   1.2413647e-02
  -5.9721902e-02  -9.5143250e-02
  -6.8058782e-02  -8.1721573e-02
   6.9240726e-02  -2.7983549e-02
  -5.5196299e-02   1.7887979e-01
  -4.0485584e-02   1.6366047e-01
   1.5600740e-01  -6.6157832e-02
   1.5787928e-01   6.4453757e-02
   1.6720454e-01   4.3098415e-02
  -9.4063472e-02   3.3116352e-02
   1.9909843e-02   2.8803872e-02
   1.0259958e-02  -6.3521621e-02
  -8.5183549e-03  -5.6757612e-02
  -5.1561181e-03  -4.6163831e-02
  -7.4697667e-02  -1.5629103e-03
   2.7108889e-03   2.0155666e-02
  -3.0232026e-02   1.6749931e-01
  -4.0184034e-02  -8.6238441e-02
   6.4788574e-02   4.8947088e-02
  -5.7006298e-02   3.6504886e-02
  -5.2189819e-02  -2.8562793e-02
  -6.4138775e-02  -2.3269968e-02
  -2.5552364e-02   7.8274946e-02
  -1.0219204e-01   2.6968089e-02
  -4.8838150e-03   5.6870485e-02
  -2.2202198e-02   4.3745905e-02
  -8.1359920e-03  -7.5337837e-02
   4.4802278e-02  -2.6894400e-02
   1.5746514e-01   1.0701651e-01
  -2.7230128e-02  -8.6520677e-02
  -2.9219848e-02   6.0518117e-02
  -1.7860284e-01   4.8282845e-02
  -6.0641120e-03   8.7528874e-02
   1.0405665e-02   4.2793516e-02
   5.1432441e-02  -7.0288069e-02
  -3.9778793e-02   2.5587281e-02
  -4.1751028e-02  -1.6448388e-01
  -9.2783409e-02   1.9893939e-03
  -5.2621086e-02   6.6408129e-02
   2.9978311e-02   4.7034102e-02
  -7.7949301e-02  -1.4990558e-01
   5.6910803e-03   6.0043490e-02
  -1.0455966e-02   6.7125294e-02
   5.8686079e-02   1.0664130e-02
   4.9142612e-02   1.1328762e-02
   1.3843208e-01   9.8389486e-02
  -1.4569642e-02  -8.5970474e-02
  -9.6317894e-02  -7.7047792e-03
   5.9719310e-02  -3.4003275e-02
  -9.7494931e-02  -5.0747280e-02
   2.0965865e-02  -6.1727591e-02
   2.2237035e-02   6.4826385e-02
  -8.4550835e-02   1.5104222e-01
  -1.0510221e-01  -2.8557720e-02
  -7.2884209e-02   6.6091967e-02
  -5.7348673e-02   4.6671792e-02
  -1.3385764e-02  -1.0525536e-01
   6.3339382e-02  -1.8591076e-03
   2.0824380e-03   3.9875329e-02
  -8.0623054e-02   5.1262276e-02
  -8.7382623e-02  -4.4249770e-02
   4.4758575e-02  -5.6262961e-02
   6.4561308e-02   2.0231951e-02
  -8.5494807e-02  -3.3656350e-02
  -7.8683982e-02  -4.9186531e-02
   7.5869026e-02   1.6116873e-03
  -7.3614151e-02  -2.0448157e-02
  -1.1223938e-01  -3.2226964e-03
  -8.9647848e-02  -1.5551916e-02
   8.2002399e-03  -1.1583198e-01
   2.4742655e-02  -1.0233069e-01
   8.1625113e-02  -1.6647711e-02
   9.5655228e-02  -1.5747053e-02
  -1.4877946e-01   7.7515995e-02
  -1.5434151e-02   8.3341797e-02
   2.7495860e-02  -7.4255574e-02
   8.9653118e-02  -3.0257531e-02
   9.8793832e-02  -3.2857152e-02
   8.7970315e-02  -4.3938754e-02
   1.0474929e-01  -1.9067690e-02
   3.7706578e-02  -6.8207528e-02
   1.1911262e-01   7.8866381e-03
  -2.0504921e-03   7.2830419e-02
  -1.2180672e-01  -3.1346381e-02
   1.0217532e-02   8.3436424e-02
  -9.5640393e-02   1.4889133e-02
   1.9850603e-02   7.4276848e-02
   1.1149166e-01   1.2662756e-02
  -1.1799265e-01   2.7306722e-03
   1.1474466e-02   7.4943188e-02
   1.1906446e-01  -6.0932036e-03
  -1.1285261e-01   1.1456596e-02
  -9.0550715e-02   5.0223557e-02
  -1.1732176e-01  -1.8556375e-02
   1.8793633e-02   8.3027436e-02
  -1.0537971e-01   8.2143479e-03
  -1.2633287e-01  -3.4183694e-02
   4.0000000e-01  -8.8680392e-02
   4.0000000e-01   2.8280136e-01
   2.7934169e-01   4.0000000e-01
   2.2438327e-01   4.0000000e-01
   1.6502817e-01   4.0000000e-01
   3.1692867e-02   4.0000000e-01
  -2.8188133e-01   4.0000000e-01
  -4.0000000e-01  -2.2522219e-01
  -4.0000000e-01  -3.3452269e-02
  -4.0000000e-01   1.6885143e-01
  -2.3025769e-01  -4.0000000e-01
  -1.1092881e-01  -4.0000000e-01
   2.3703597e-02  -4.0000000e-01
   4.0000000e-01  -7.3487784e-02
   1.3373677e-01  -3.2620533e-01
   4.4253118e-02   3.7432277e-01
   1.7417754e-01  -3.0670462e-01
   2.3760088e-01  -2.5584050e-01
  -1.4313420e-01  -3.0329594e-01
  -1.8333896e-01  -3.8140278e-01
   1.8337287e-01  -1.8921482e-01
  -1.2487831e-01  -3.2195153e-01
  -2.8117466e-01  -3.2002389e-01
   1.0929730e-01   2.9425371e-01
   1.3083228e-01  -2.8466110e-01
  -1.8672728e-01  -2.8537461e-01
   2.4968290e-01  -3.8683696e-01
  -1.3244370e-01   2.1519756e-01
   1.9065200e-01   3.2508141e-01
  -2.8187484e-01  -2.9842049e-02
   1.8496028e-01   2.7377149e-01
  -2.3176968e-01  -2.0688038e-01
   2.5024131e-01  -2.0675220e-01
   1.2349703e-01  -3.7518801e-01
   3.0708611e-01  -1.1102209e-03
  -1.8301800e-01  -2.3852422e-01
   1.7079287e-01   2.0592067e-01
  -1.0301997e-01  -3.5155612e-01
  -3.1939625e-01   1.7028555e-01
   2.1424971e-01  -2.2128530e-01
   1.8321005e-01  -2.3407339e-01
  -3.2574242e-01  -2.0657249e-01
   1.4983629e-01   2.9288705e-01
   1.4532550e-01   3.3329778e-01
  -2.0182702e-01  -1.7878664e-01
  -1.3474373e-01  -2.7594400e-01
  -3.1421235e-01  -6.4576630e-02
   3.1588066e-01  -1.8020402e-01
  -3.5900822e-01   1.6037860e-01
  -2.4798955e-01  -2.7833208e-01
   9.9475895e-02  -3.0474571e-01
  -3.8333042e-01  -5.1942225e-02
  -2.9544285e-01   6.0182902e-02
  -3.7846255e-01   1.5174341e-01
  -2.6336782e-01  -8.5681296e-02
   7.6257406e-02   3.4320950e-01
   3.1237136e-01  -2.5977658e-01
   2.0710742e-01  -5.9396194e-02
  -3.1417068e-01  -1.0187072e-01
  -2.7178898e-01   6.3540155e-03
  -3.2878915e-01  -1.6108632e-01
   3.2028360e-01  -1.3911379e-01
  -2.3505690e-01  -1.4262665e-01
  -1.2427280e-01  -3.4720438e-01
   1.0965587e-01   3.5348227e-01
   2.2150835e-01  -1.2697828e-01
   2.7531135e-01  -1.8168268e-01
  -1.4334471e-01   2.4989243e-01
  -2.9206903e-01  -7.5952542e-04
   6.4351395e-02  -2.8629851e-01
   5.5464085e-02  -3.0482347e-01
   8.9764188e-02  -3.2468059e-01
  -2.9428628e-01  -1.0046602e-01
  -1.3564288e-01  -1.4885114e-01
   3.4103345e-01   1.5299851e-02
   1.9122472e-01  -2.5751670e-01
  -2.8565898e-01  -2.3349824e-01
   3.0978795e-01   1.8097557e-01
  -2.3121069e-01  -9.6963130e-02
   2.5759224e-01   1.7849727e-01
   9.2494583e-02  -2.6058317e-01
  -2.7966453e-01   4.1571562e-02
   2.5552947e-01  -1.0188770e-01
  -2.3020745e-01  -6.9870438e-02
  -8.1258284e-02  -2.6973107e-01
   1.5179146e-01   2.7584815e-01
   1.2468669e-01   2.6057317e-01
   1.5107633e-01   2.3760267e-01
   7.1005112e-02   2.8853835e-01
   1.9277095e-01  -2.9221733e-01
   3.8278825e-01  -1.9149714e-01
   3.2731569e-01  -3.8096107e-02
   1.7490257e-01   2.3770899e-01
  -2.9105323e-01  -1.2712546e-01
  -2.6588834e-01  -1.9484536e-01
  -2.5368649e-01  -1.4190897e-01
  -1.7591952e-01  -1.4913868e-01
   1.3118079e-01  -2.6091311e-01
   1.2358909e-01  -2.2738882e-01
   1.4890208e-01  -2.4915707e-01
  -2.0410007e-01  -1.2690977e-01
   3.4343379e-01  -5.7828450e-03
   2.8170239e-01  -1.1618348e-01
   5.1500322e-02  -2.6774456e-01
  -5.1130311e-02  -3.0346047e-01
  -2.3424703e-01  -1.7841397e-01
   1.8148098e-01  -1.1749647e-01
   3.5836115e-01  -1.5633280e-01
   6.8115301e-02   3.0864562e-01
   3.1415593e-01   3.7938784e-02
  -1.2880575e-01  -2.1192774e-01
  -2.9394508e-01  -1.7518423e-01
   8.3807931e-02   2.2101961e-01
  -1.7256350e-01  -2.6211438e-01
   7.4444770e-02  -2.2671714e-01
  -2.3427412e-01   1.6670009e-01
   2.4864637e-01  -2.5893134e-03
   2.4203501e-01  -1.7480474e-01
  -1.4420892e-01   1.4435769e-01
  -1.5309070e-01  -1.2958463e-01
  -1.9976401e-01   2.5200711e-01
   3.2797627e-01  -1.7435011e-02
  -1.9715676e-01  -1.4960321e-01
   3.4168849e-01  -1.0778722e-01
   3.0672419e-01  -1.2470462e-01
  -1.0367202e-01   2.6062601e-01
   5.0410305e-02   3.1127007e-01
  -2.6572492e-02   2.7616934e-01
   2.8791934e-01  -8.7671033e-02
   3.0459307e-01  -7.1860550e-02
   9.4545299e-02   2.5119559e-01
   3.4474628e-01  -7.1461399e-02
   1.9661986e-01  -2.3953659e-02
   1.2171857e-01  -2.0703335e-01
  -1.5558700e-01   2.3025980e-01
  -3.0446179e-01  -1.4426710e-01
  -1.9958724e-01  -8.5585777e-02
  -2.0345208e-01  -3.6499469e-02
  -1.8418718e-01   1.5045622e-01
  -2.1150094e-01  -2.6101988e-01
  -2.2413312e-01  -2.5333791e-01
  -3.1675405e-01   1.5037460e-01
   1.3627194e-01   1.8945245e-01
   3.0293954e-01  -1.5605565e-01
  -2.4618227e-01   1.9935988e-01
   1.4782474e-01   2.1809454e-01
   2.5510270e-01  -2.4769806e-02
   1.9819923e-01  -1.3427462e-01
  -1.2109534e-01  -1.2919426e-01
   1.7332976e-01  -8.6843248e-02
  -2.4107004e-01   1.2921154e-01
   2.5703412e-01   1.3422642e-01
   2.2779273e-01  -6.6587788e-02
  -4.0136171e-04  -2.9582911e-01
   3.2566194e-01   1.1885668e-01
   1.4638884e-01  -2.2926266e-01
  -1.1949454e-01  -2.4383522e-01
  -1.1675809e-01   2.7728735e-01
   1.0585791e-01  -2.3126901e-01
   2.4211427e-01   1.5733645e-01
   3.3396389e-03  -2.5460318e-01
  -1.8481290e-01  -1.1901463e-01
  -1.1216749e-01   2.4253575e-01
  -1.1406320e-01  -1.8100023e-01
  -3.0193085e-01   1.6622238e-02
  -1.8344275e-01   1.1239540e-01
   1.5330302e-01  -2.1053847e-01
  -1.7229839e-01  -1.7693551e-01
  -2.8360557e-01   1.4551458e-01
  -2.6059812e-01  -1.1480700e-01
   1.0158834e-01  -2.0446734e-01
   2.9649871e-01  -2.8891731e-02
  -2.4379613e-01   7.2426860e-02
  -2.5665325e-01   9.6048060e-02
  -2.6586540e-01   1.7218061e-01
  -1.7398089e-01   2.6318997e-01
  -2.9384187e-02   2.3148224e-01
  -8.6640251e-02  -2.3969294e-01
   5.3000854e-02   2.3009501e-01
   5.2140065e-02   2.8558111e-01
   2.1175708e-01  -1.7835672e-01
  -2.8318354e-01  -6.2890201e-02
   1.5584029e-01  -1.5922853e-01
  -1.5973089e-01   2.0141615e-01
   1.5627161e-01  -1.7594509e-01
   1.7521999e-01  -8.8986296e-03
   5.9129159e-04   2.3427010e-01
   2.1084870e-01  -9.3640830e-02
   6.6996030e-02  -2.1139338e-01
   1.5787026e-01  -1.0558253e-01
  -1.5829719e-01  -1.0535018e-01
  -2.2198836e-02  -2.7854703e-01
  -1.0511953e-01   1.9607872e-01
   7.6410631e-02  -1.5570546e-01
   2.6066694e-01   3.2900309e-02
   1.1182675e-01  -1.3203682e-01
  -1.3171025e-01  -1.1776208e-01
   1.1776972e-01   2.3361374e-01
  -2.0237086e-01   1.8290245e-01
  -2.3751164e-01  -4.4451652e-02
  -2.8054842e-01   7.8907277e-02
  -2.6534082e-01   1.0901672e-01
   2.8909142e-01  -1.4295523e-01
   2.6025208e-01  -1.4423103e-01
  -1.6529899e-01  -2.2110454e-01
  -2.5384099e-01   6.1270650e-02
  -1.6036071e-01  -7.4380393e-02
   1.6593145e-01   1.7556018e-01
   2.4273663e-01   1.4053242e-01
   2.8581083e-01   5.1437722e-02
   1.8138285e-01  -6.3963124e-02
  -8.7957507e-02   2.2587741e-01
   2.2974949e-01  -3.5456986e-02
   1.8509688e-01  -1.5845201e-01
   1.6940476e-01  -1.3495263e-01
   2.8847521e-01   2.2551468e-02
  -2.8581859e-01   9.4332457e-02
  -9.8922400e-02  -2.1460537e-01
  -2.2046911e-01   1.5457005e-01
   2.1588000e-01   1.3958917e-01
  -4.9961525e-02  -2.5698137e-01
   2.4838325e-02   2.3731385e-01
  -1.6654530e-01  -4.7727663e-02
  -7.6438216e-02  -1.7168265e-01
   3.0784422e-01  -1.0806560e-01
   6.3166803e-02  -1.8541405e-01
  -1.1318624e-01   1.4232690e-01
   9.1028653e-02  -1.4757577e-01
   8.5774434e-02   2.3838534e-01
   1.4429549e-01  -9.9541005e-02
  -2.0214248e-01  -6.7303310e-02
   3.5793966e-02  -2.5617919e-01
   2.3210615e-01  -1.5577643e-01
   1.0403289e-01  -1.7014928e-01
  -1.4651012e-01  -1.8168024e-01
  -1.0807244e-01   1.5755962e-01
  -2.2544153e-01   9.1149650e-02
   2.8103841e-01   1.0324057e-01
   2.7056222e-01  -6.7938373e-02
  -1.6407056e-02   1.8487821e-01
   1.2149638e-01  -1.5180504e-01
  -2.5810417e-01  -2.0418521e-02
  -1.8895675e-01  -5.7211754e-02
   2.0949601e-01   1.8812137e-01
   2.6663947e-01   5.9829584e-03
   2.3814079e-01   1.8353894e-02
  -9.9194976e-02  -1.5959662e-01
  -1.6853968e-01   2.1594232e-01
  -2.0609190e-01   1.2851680e-01
   1.4183606e-01  -1.8370588e-01
   6.0235363e-02   1.8849207e-01
   5.9444060e-02  -2.3874994e-01
   3.4260761e-02   2.0820223e-01
   7.8320022e-02  -1.7057928e-01
  -1.2024391e-01   1.7116709e-01
   5.5098396e-02  -1.6364315e-01
   3.6147613e-02  -1.9043664e-01
  -1.8264141e-01  -1.9721657e-01
  -1.6190376e-01  -1.8784647e-01
  -4.2211683e-02  -2.2967058e-01
  -2.8184829e-02   2.1179491e-01
   1.2386934e-01   2.0546893e-01
   1.9420359e-01   1.8941821e-01
  -1.3102377e-01   1.8433919e-01
  -1.5328749e-01   1.7448332e-01
   1.1591866e-01  -1.8045906e-01
   2.7110433e-01  -2.0109389e-02
   2.6482546e-01   9.3351731e-02
   1.7743634e-01  -3.7938198e-02
   1.0087329e-01   1.3944266e-01
  -2.4473772e-01  -1.5964294e-02
   1.3034739e-01  -1.6240717e-01
   2.2382200e-01   1.8262625e-02
   1.7578259e-01   1.4995084e-01
   9.9353466e-02   2.1605521e-01
   8.6086443e-02   1.9112214e-01
   2.3831582e-01   1.0915708e-01
  -5.5607340e-02  -1.7870229e-01
   2.5211636e-01  -4.9653741e-02
  -1.9354333e-01  -1.1095983e-02
  -8.2166309e-02   2.0067315e-01
   2.1140010e-01   1.0807959e-01
   2.0123393e-01   1.3987129e-01
  -7.3269534e-02  -1.9453777e-01
  -2.2074518e-04  -1.9298355e-01
   2.0360515e-01   1.6404904e-01
  -2.1477193e-01   1.1911698e-01
  -2.1924636e-01   3.2104839e-02
   2.2827355e-01   6.4831015e-02
  -1.2566573e-01   1.2181409e-01
   3.4124050e-02  -2.0327222e-01
  -9.5063701e-02   1.7473960e-01
   2.1296211e-01   5.6085172e-02
   2.1455146e-01  -1.6159072e-01
  -2.3748440e-01   1.3138731e-02
  -2.4110215e-01  -1.0702051e-03
   2.7485240e-01  -4.3741555e-02
   1.0725584e-01   2.0373527e-01
   8.7026291e-02   1.6755673e-01
   2.4561311e-01  -7.5006586e-02
  -6.5066596e-02   2.0991514e-01
  -2.1454387e-01   8.1436800e-03
   1.9562415e-02  -1.7211601e-01
   5.9102777e-02   1.6273909e-01
  -5.9091630e-02   1.9143466e-01
   7.9193156e-02   1.5336998e-01
  -2.2564558e-01   5.4140299e-02
  -1.7616792e-01   9.8201255e-02
  -2.1489235e-01   4.5473101e-02
   1.5685294e-01  -1.2752527e-01
  -2.0375196e-01   9.7946811e-02
   2.3646967e-01   4.2288132e-02
   1.5112938e-01   1.5532691e-01
   1.8465205e-01   6.2119440e-02
  -2.1820969e-01  -5.9304535e-03
   1.4275590e-02  -2.7732725e-02
   5.9109841e-02   2.0415973e-01
  -2.2127963e-02   2.0875440e-02
   1.2832163e-01   1.6428133e-01
   1.3916318e-01   1.5917634e-01
  -1.9793602e-01   8.6585586e-02
   1.7202110e-01   8.1318524e-02
   1.5271093e-01  -8.0725742e-02
   1.0193519e-01   1.6430956e-01
   8.9111597e-02   1.8079097e-01
  -1.3954913e-01  -9.8368771e-02
   2.1791465e-01   6.6686855e-03
  -2.3453233e-01   2.9558559e-02
  -2.3701035e-01   4.5069090e-02
  -1.8006748e-01  -1.4430315e-02
  -1.6890181e-01  -1.8238596e-02
   1.8951089e-03  -2.7315734e-02
  -1.3742407e-01   1.0329792e-01
   1.6075757e-01  -5.7384263e-02
  -1.9652667e-01   6.2628477e-02
   2.0357062e-01   9.7287838e-02
   1.9159279e-01   9.9149465e-02
  -5.3779533e-02  -1.6436543e-01
  -1.9674408e-01   2.5336936e-02
   1.8678916e-01   1.2698621e-02
   1.9902917e-01  -3.6411703e-03
   2.2082938e-01  -1.5387864e-02
   1.2874183e-01   1.3552156e-01
  -6.8581767e-02  -1.5889114e-01
  -1.4612148e-01   1.1571438e-01
  -1.5803974e-01   1.1066846e-01
   2.2165040e-01   4.1825427e-02
   1.8353362e-01   8.1578318e-02
   3.4749555e-02  -4.9752422e-03
  -6.0312963e-02  -5.8663668e-02
   6.4536950e-02   1.7479985e-01
   2.3785282e-02   1.8574416e-01
  -2.2557627e-01  -3.9036493e-02
  -2.2146759e-01  -1.8169897e-02
   1.6326676e-01   1.1843115e-01
  -7.5624030e-02   1.6953662e-01
   6.7154590e-02   3.8064988e-02
   1.7419000e-01   1.0067524e-01
   1.9952682e-01   5.0056355e-02
   1.0808479e-01   1.3003039e-01
   1.4538938e-01   1.0807919e-01
  -8.9634918e-02  -1.4710490e-01
   2.0558721e-01   6.8449749e-02
   1.3284754e-01  -1.2246125e-01
  -1.5746297e-01   9.2610364e-02
  -5.5143274e-02  -1.0257808e-01
  -7.6780969e-02   1.1276021e-02
   5.0065542e-02  -1.9394977e-02
  -3.3550931e-02  -7.6296299e-02
  -1.8196722e-01   7.6081894e-02
   1.2179991e-01   1.1695358e-01
   2.6196255e-02  -2.7050603e-02
  -1.5838701e-01   4.9842184e-02
  -5.0454738e-02  -7.2302144e-02
   1.5322918e-01   7.5298271e-02
  -2.3996317e-02  -1.0655127e-01
  -5.3276487e-02  -4.2098369e-02
  -7.5000432e-02   2.8729686e-02
   4.8612747e-02  -3.5060962e-02
   1.3152542e-02  -6.9366790e-03
  -2.0140444e-01   1.2240667e-02
  -5.0974280e-02   8.3052413e-03
  -6.8824680e-02  -6.2478336e-02
   3.6867538e-02  -8.7414004e-02
  -1.9519607e-02  -5.7479104e-02
  -8.1981105e-02   2.0903515e-02
   1.2439405e-01  -1.1475380e-01
  -4.4277980e-02  -5.8272416e-02
  -4.1133929e-02  -6.7216493e-02
   6.0129895e-02  -2.2938741e-02
  -1.5461138e-01   6.3574220e-02
  -7.1979633e-02   4.8737048e-02
  -7.9168260e-02  -1.3075654e-02
  -7.2146390e-02  -4.4752452e-02
  -5.1837962e-02   2.5405747e-02
   5.1151845e-02  -6.1626185e-02
   1.4257228e-01   8.9723452e-02
  -6.7976067e-02   3.4813594e-02
  -6.4045503e-02   5.2166638e-02
   2.5028705e-02  -4.7787348e-02
   1.4367865e-03  -7.8016508e-02
   3.6944528e-02   5.2553642e-02
   9.4001007e-03  -7.4783639e-02
   9.3063062e-05  -6.1849452e-02
   7.5111247e-02  -3.2390141e-02
  -1.6375364e-02   7.4698306e-02
   1.6032677e-02  -8.1110059e-02
   3.7312317e-02  -5.2568705e-02
  -8.3931799e-02   3.6818674e-03
  -6.7839781e-02   1.5887482e-02
   5.4071569e-02  -4.2361602e-02
   1.6502405e-01   3.4899631e-02
   4.3242410e-02  -7.2969701e-02
  -8.3884291e-02  -6.6955361e-02
  -9.3047478e-02  -5.8962729e-02
   5.3813637e-03   6.9420589e-02
   3.6968539e-02  -6.0586097e-02
  -1.0603185e-01  -3.6896628e-02
  -6.5006352e-02  -8.9926233e-02
   1.9377305e-03   8.6186251e-02
  -2.0616796e-03   8.0323207e-02
  -9.3489021e-02   4.2159384e-02
   1.2387737e-01  -9.7818122e-05
  -1.0924449e-01   2.9887190e-02
   5.2898764e-02  -7.5895729e-02
   4.0000000e-01  -2.0138495e-01
   4.0000000e-01   2.2941877e-01
  -2.2807968e-01   4.0000000e-01
  -4.0000000e-01  -1.6615063e-01
   8.7204473e-02  -4.0000000e-01
   2.0044335e-01  -4.0000000e-01
  -1.5401254e-01  -4.3360545e-02
  -1.5254724e-01   4.8263236e-02
  -1.6379333e-01  -3.8094841e-01
   1.0536674e-01   3.1737953e-01
   1.5179658e-01  -3.1089319e-01
   1.8941305e-01   2.5437614e-01
  -3.1931097e-01  -1.2207590e-01
   2.4481915e-01  -2.4082564e-01
   2.1627590e-01  -2.6258573e-01
   1.1023391e-01  -2.8978777e-01
   9.1403651e-02   2.8470549e-01
  -1.9656406e-01  -2.2748246e-01
   1.1018120e-01  -3.2032310e-01
   1.3803258e-01  -3.0378620e-01
   2.2983976e-01  -2.0468950e-01
  -2.0600692e-01  -2.7526923e-01
   3.1133274e-01   1.1086041e-02
   1.7418852e-01  -2.0381488e-01
  -1.5254745e-01  -2.6246631e-01
  -2.3927908e-01   2.2055343e-01
  -1.5760915e-01   1.4667356e-01
  -1.1345780e-01  -2.7771702e-01
  -2.8713398e-01  -1.6190641e-01
   2.0676951e-01  -4.2598943e-02
  -1.8144938e-01  -8.8220911e-02
   2.2603114e-01  -2.4063930e-01
   1.9884984e-01  -2.2748957e-01
   1.5399137e-01   2.0226932e-01
  -2.3227389e-01  -1.9287231e-01
   7.8667873e-02  -2.5290092e-01
   2.3729156e-01  -1.0128523e-01
   1.3011440e-01   2.4397557e-01
  -2.8646977e-01  -1.1515755e-01
   1.8420874e-01  -1.7532308e-01
  -1.2139429e-01   2.2740005e-01
  -2.0688067e-01  -1.6174895e-01
  -2.3401948e-01  -1.1201303e-01
   2.5420648e-01   1.6546846e-01
   3.3468610e-02  -2.7145398e-01
   2.5507704e-01  -1.3009134e-01
  -9.8134240e-02  -1.8554710e-01
   1.8330042e-01   1.9850704e-01
   1.6282222e-01  -2.3779827e-01
  -2.9032405e-01  -1.9497894e-02
  -2.5278749e-01  -4.5774265e-02
   1.7030467e-01  -1.5055475e-01
   2.6042084e-01  -1.7203785e-01
  -2.0004054e-01  -1.1141082e-01
  -2.5786368e-01  -7.1301178e-02
   2.9193584e-01  -1.0279812e-01
  -2.9723776e-01  -6.9147122e-02
  -2.9652278e-01  -3.4041451e-02
   2.9139510e-01  -1.2870023e-01
   2.9765096e-01  -5.6959951e-02
  -1.4486096e-01   2.0632479e-01
  -2.1775464e-01  -5.9396829e-02
   2.4105034e-01  -1.9215864e-01
  -1.4897890e-01  -1.6396356e-01
   3.0172367e-01  -1.4618383e-02
   3.1483991e-01  -1.1381405e-02
   3.0676074e-01  -4.1575735e-02
  -1.8574844e-01  -1.8383276e-01
   9.3981207e-02  -2.2187602e-01
  -1.1250067e-01  -2.3400163e-01
   2.7174444e-01   2.0423404e-02
  -1.3405867e-01   1.5785941e-01
  -1.2156184e-01  -1.5648492e-01
  -1.0828233e-01  -1.3361747e-01
  -1.6650050e-01  -1.6247497e-01
   2.7346796e-01  -8.2509600e-02
  -1.7071787e-01  -1.3343393e-01
   2.0618359e-01  -1.0882416e-01
   6.4341547e-02  -2.5333612e-01
  -1.7410704e-01  -1.0359822e-01
  -2.5408584e-01   1.4238864e-01
  -1.1522822e-01   2.0893870e-01
   2.2053588e-01  -8.3332599e-02
  -2.6621144e-01  -3.4981600e-02
   2.8109612e-01  -5.6341505e-02
  -1.4491310e-01   2.1933435e-01
  -1.7432289e-01   1.2303438e-01
   1.3953019e-01  -1.9989779e-01
  -2.8209892e-01  -4.5170322e-02
  -1.8897733e-01  -3.3561380e-02
   1.9923230e-01  -8.4689951e-02
  -2.7086178e-01  -7.1728395e-02
   8.7401613e-02  -1.9339431e-01
   1.9116593e-01  -1.9805852e-01
  -2.1567361e-01  -9.2060743e-02
  -2.2723084e-01  -8.3461876e-02
  -1.6312889e-01   1.6801469e-01
   2.3961134e-01  -2.4481788e-02
   2.7648090e-01  -5.7756746e-03
   2.2840854e-01  -1.3610424e-01
   2.5575849e-01  -6.4509748e-02
   2.3680148e-01  -4.8259330e-02
   2.9778011e-01   1.0106068e-02
  -2.4794850e-01   4.9603478e-02
  -2.3155256e-01   1.0187739e-01
  -1.0591120e-01   1.8207077e-01
   2.2554419e-01  -3.9590527e-03
   2.1830948e-01  -5.9860771e-02
   2.0252076e-01  -7.0536450e-02
   1.6797641e-01   1.9141171e-01
   2.8105047e-01  -3.1152214e-02
   1.7079811e-01  -1.8416263e-01
   1.2943530e-01  -1.7519289e-01
  -2.1550285e-01  -4.4286630e-02
  -1.7021798e-01  -3.4126061e-02
   2.9622314e-01  -8.0143428e-02
  -1.8699573e-01  -1.5021223e-01
  -2.5810391e-01   1.1361985e-02
   2.3015595e-01  -1.1911972e-01
  -2.0077582e-01  -1.3965435e-01
   1.9294126e-01  -1.1323314e-01
   2.0783447e-01  -1.8360981e-02
  -8.2540679e-02  -1.8473507e-01
   2.4582232e-01  -1.2771405e-02
   1.1373698e-01  -1.9382309e-01
   4.2483141e-02  -1.6586565e-01
   2.4899021e-01  -8.8395970e-02
   1.7900474e-01  -1.2786997e-01
  -1.4370117e-01  -1.2094155e-01
  -1.2793369e-01  -1.3851088e-01
  -1.4548318e-01  -1.3932208e-01
   1.4413652e-01   1.7877229e-01
   1.9042830e-01  -5.4919427e-02
   1.6601569e-01  -4.0582233e-02
   1.6920806e-01  -2.9197696e-02
  -1.5293278e-01  -1.1651437e-01
   9.8589280e-02  -1.3575303e-01
   1.8089295e-01  -9.4334352e-02
   2.6347148e-01  -4.3822642e-02
  -7.9120629e-02   1.9017941e-01
   1.7088327e-01  -1.6040238e-02
   2.4429275e-01   6.8370444e-03
  -1.1514983e-01   1.2788741e-01
  -9.8038192e-02   1.6375007e-01
   1.0909934e-01   1.7616202e-01
   1.1050764e-01  -1.5842308e-01
   2.5013505e-01   4.2647035e-02
  -2.3139660e-01  -5.6824769e-02
  -1.9366853e-01  -4.4736032e-02
   6.9314321e-02  -1.7611118e-01
  -1.5692371e-01  -6.2814199e-02
   2.1218050e-01  -1.3360074e-01
   6.4511889e-02  -1.5614115e-01
   2.3050505e-02  -1.8590674e-01
  -1.1106013e-01  -1.5409564e-01
  -7.6438117e-03   1.7582004e-01
   1.7577418e-01  -7.6601333e-02
  -1.4922908e-01  -8.2598892e-02
   2.5481828e-01   3.8854724e-03
  -2.0685628e-01  -2.6903399e-02
  -1.7833755e-01  -6.4895708e-02
  -1.7432909e-01  -5.3738402e-02
  -1.3562035e-01   1.2516235e-01
   1.7031324e-01   7.5769624e-04
   1.6364656e-01  -9.8461414e-02
   1.6416775e-01  -8.1157470e-02
   1.1690846e-01  -1.4170703e-01
  -1.2892979e-01   1.4453833e-01
   2.0501405e-01   6.2152216e-03
   1.9712932e-01   1.5999499e-02
   1.7464952e-01  -1.1106521e-01
   1.5750717e-01  -1.1479357e-01
   2.3496703e-01  -7.2759783e-02
   1.0887939e-01   1.5146365e-01
   1.8765164e-01  -1.7595958e-02
   1.8451986e-01  -3.6183243e-02
   1.4590926e-01  -8.9390266e-02
   6.8361856e-02   1.5469929e-01
  -1.0400432e-01   1.4844228e-01
  -1.7504387e-01   8.8246591e-02
   1.6854894e-01  -6.1808894e-02
   1.4901764e-01  -1.0740370e-01
   1.8203842e-01  -2.0901863e-03
   1.8991879e-01   5.2595490e-02
   1.7817949e-01   1.6506937e-02
  -1.1953830e-01  -1.1784626e-01
  -2.9319395e-02   2.6069738e-02
  -1.2603828e-01   1.1137701e-01
  -1.6330358e-01   1.0078478e-01
   1.6111207e-01   8.2049194e-02
   2.8951236e-02  -1.0951969e-02
  -1.3238481e-01  -1.0482936e-01
  -5.7784509e-02   5.5185707e-03
   1.7162396e-01   7.2694264e-02
  -1.4112553e-01  -9.0452682e-02
  -6.3061231e-02   6.1815717e-02
  -1.5427230e-01   7.1285102e-02
  -6.0594586e-03  -6.5955986e-02
  -1.5902277e-01   5.8011401e-02
   1.8650597e-01   4.7799942e-03
   1.9040014e-01  -5.4313536e-04
   1.5306562e-01  -9.8346131e-02
  -7.0387233e-02  -3.8595732e-02
  -5.9763484e-02  -5.0017307e-02
  -1.5969681e-01  -4.7214500e-02
   1.3796522e-01  -9.5297005e-02
  -8.7075198e-02  -6.1438818e-02
  -8.7082897e-02   3.8086085e-02
   1.5038591e-01  -7.3096024e-02
   1.5554886e-01  -5.1789516e-02
   4.8557733e-02  -7.7519537e-02
  -1.7288804e-01  -4.0000000e-01
   2.5085239e-01  -4.0000000e-01
   9.3822141e-02  -1.2960481e-01
   1.5153317e-01  -5.1358539e-02
   1.5956770e-01  -3.2543821e-01
  -3.0425850e-01  -1.3250183e-01
   2.1606312e-02  -2.8015496e-01
   1.7922435e-01  -2.1864008e-01
  -2.1717291e-01  -1.7422356e-01
   2.4712530e-01  -1.1612316e-01
  -1.2746011e-01   2.4150952e-01
  -1.7318107e-01  -7.5789772e-02
   1.9640569e-01  -1.8453743e-01
  -1.3129208e-01   1.9893191e-01
  -2.0443551e-01  -1.0004759e-01
   2.9206382e-01  -3.4343676e-03
   2.6216890e-01  -9.0048893e-02
   7.1427728e-02  -1.9745759e-01
   2.2836519e-01  -2.3317525e-02
   1.8984244e-01  -1.2596626e-01
  -1.0302946e-01  -1.7287713e-01
   2.1551235e-01  -1.1942971e-01
   2.1606413e-01  -3.9409235e-02
   1.8951052e-01  -6.5011460e-02
   1.9759126e-01  -1.3621245e-02
  -1.5555147e-01   1.3646014e-01
   2.5663985e-01  -3.7725526e-02
  -1.3608606e-01   1.3534726e-01
   2.1211387e-01  -5.0027593e-02
   6.0837485e-02  -1.7425201e-01
   2.0557541e-01  -3.2394769e-02
   2.0056339e-01  -5.0301886e-02
   2.2469925e-01  -9.3663416e-02
   2.3818159e-01  -3.1352840e-03
  -1.8779775e-01  -2.1939806e-02
  -1.7851248e-01  -3.6317308e-02
   1.0065070e-01  -1.5719701e-01
   1.8895465e-01  -8.7779855e-02
   1.8071143e-01  -5.1101357e-02
   2.2683874e-01  -7.5778450e-02
   2.2943873e-01  -5.7070789e-02
   1.9387577e-01  -3.4190948e-02
   1.8299341e-01  -1.0614914e-01
  -1.1759156e-01   1.1834403e-01
   1.7857099e-01  -1.6509447e-02
   1.6606343e-01  -1.0879762e-01
   2.0997027e-01  -8.0807638e-02
   2.1115885e-01  -6.5434789e-02
   1.7146437e-01  -9.4401196e-02
  -1.2450432e-01  -1.1060712e-01
   1.8150583e-01  -8.4505255e-02
  -1.6288645e-01  -5.4335829e-02
  -1.5120597e-01  -7.1159603e-02
   1.6606117e-01  -9.0104257e-02
   1.5781932e-01  -7.4215666e-02
  -1.6740711e-01  -2.6842903e-02
   1.6672935e-01  -9.0286565e-03
  -1.6300630e-01  -4.0518968e-02
   1.7502598e-01  -6.6908239e-02
   1.7661945e-01  -5.9327321e-02
   1.6261591e-01  -4.7601930e-02
   1.8690805e-01  -2.7558531e-02
   1.6277557e-01  -6.3823450e-02
   1.7772493e-01  -3.0430750e-02
   1.7275229e-01  -4.4222744e-02
   1.6646799e-01  -2.2534870e-02
   1.5958029e-01  -4.0252053e-02
   1.6405286e-01  -3.4690280e-02
  -1.7263480e-01  -4.2847475e-02
   2.0407002e-01  -1.0266577e-02
   1.9939662e-01  -4.0762280e-02
   1.9801579e-01  -6.0039551e-02
  -1.6198693e-01  -3.1929901e-02
   1.8204304e-01  -6.9873820e-02
   1.8271705e-01  -1.0594126e-02
   1.8372370e-01  -5.8837839e-02
   1.8109196e-01  -4.2731776e-02
   1.7117510e-01  -3.6173816e-02
   1.6201203e-01  -2.8371438e-02
   1.7395488e-01  -2.2956749e-02
   1.6440903e-01  -1.6329386e-02
  -1.5714870e-01  -3.0071373e-02
   1.5502966e-01  -3.9570267e-02
   1.5754162e-01  -2.7939883e-02
